1	32.66165291	1.54687E-07	6.03319E-06	1.28649E-07	1.14566E-07	4.372458242	21.35327644	19.06042004	0	26.46633501	21.9871605
2	32.45198876	2.40463E-05	3.74906E-05	8.51075E-06	7.59348E-06	4.861344494	22.16503375	19.48244097	0	26.46184604	22.15282905
3	32.52189382	0.000311578	0.000297051	0.000113194	0.000101309	5.276419677	22.72742003	19.79378869	0	26.43952107	22.44055791
4	32.84772236	0.00201181	0.001758407	0.000753335	0.000675727	5.653016896	23.15530131	20.04166457	0	26.39989238	22.85551441
5	33.42395409	0.008704601	0.007457478	0.003352042	0.00301308	6.01311577	23.50120925	20.25387302	0	26.33681379	23.40833153
6	34.2532601	0.028340515	0.024139194	0.01119645	0.010080102	6.373949193	23.79780947	20.44717873	0	26.24325414	24.11091678
7	35.3387459	0.07184775	0.061086469	0.029070422	0.026216822	6.749057353	24.06730871	20.63344886	0	26.11311824	24.9731503
8	36.65931012	0.139983706	0.118932877	0.057838231	0.052220313	7.144414238	24.32617276	20.82210889	0	25.94424716	25.98665511
9	38.14061649	0.204035715	0.173308857	0.085696928	0.077446792	7.55291982	24.5884065	21.02153822	0	25.74359618	27.1033354
10	39.66558599	0.220135633	0.186994498	0.093310864	0.084367923	7.956587826	24.86595903	21.23929967	7.81922E-14	25.52715008	28.24352352
11	41.10305535	0.156558827	0.133042274	0.065357877	0.059046477	8.332754242	25.16944555	21.48176315	2.13699E-13	25.31673916	29.31715901
12	42.32098749	0.009811855	0.008193731	0.010628461	0.009937492	8.655866523	25.50420197	21.75380259	8.86297E-14	25.14636371	30.22865601
13	43.18592473	0.300002612	0.254574942	0.146740779	0.133691849	8.900885043	25.87579126	22.0569686	8.06255E-14	25.04613138	30.88860222
14	43.62421527	0.727363603	0.617453067	0.351569181	0.320175048	9.052404876	26.28537331	22.39156175	2.17674E-13	25.05001116	31.23942387
15	43.63101158	1.290560646	1.095711834	0.626349198	0.570647248	9.109330094	26.72862586	22.75411159	3.20149E-13	25.1751955	31.28036777
16	43.27853372	1.973077807	1.675330084	0.964295137	0.879031169	9.086221848	27.19915112	23.13959847	4.01785E-13	25.42307201	31.06189798
17	42.68298991	2.748367661	2.333768566	1.352936714	1.234017691	9.007196166	27.68918656	23.54118994	4.7451E-13	25.77808407	30.66675646
18	41.97281282	3.586286923	3.04545278	1.777325017	1.621985855	8.898597841	28.19126141	23.95384607	5.4344E-13	26.21717177	30.18566869
19	41.25769888	4.457846564	3.785682545	2.222449417	2.029247419	8.784219612	28.70020291	24.37275456	6.09199E-13	26.71514129	29.69804176
20	40.6193665	5.336392356	4.531873879	2.674520416	2.44299708	8.681448548	29.21243033	24.7955018	6.70813E-13	27.24933494	29.2622202
21	40.0486068	6.110531	5.189433676	3.077513499	2.812299671	8.372227959	29.79089313	25.29988874	1.402130058	27.2261647	28.25644477
22	39.85943235	6.613311623	5.616581268	3.346600874	3.059495807	7.715468426	30.73916238	26.15393788	5.819059664	26.11434089	26.21437484
23	40.7097595	6.801935366	5.776939735	3.45762767	3.162235073	6.829121464	32.68454438	27.87316722	13.9123534	24.12000001	23.38745721
24	43.52674064	6.888984218	5.850990792	3.51596991	3.216738551	6.038211445	36.57170854	31.23546301	25.37927791	22.25290554	20.6566151
25	50.09624325	7.283677063	6.186328957	3.730041394	3.413587555	5.664191748	44.27445733	37.82341843	41.36491124	21.7492473	18.90409387
26	66.95940629	8.87674646	7.539560868	4.558473012	4.172753428	6.20739883	62.61223994	53.45204096	70.66557209	24.81204492	19.34158223
27	131.8967197	16.0313086	13.61636581	8.250793553	7.554142396	10.19346844	131.4489571	112.0681017	168.4263816	42.42916699	27.31766373
28	102.5156798	11.86380095	10.07669922	6.112553648	5.596989658	7.13523839	107.5449467	91.57219925	147.1295596	30.52953799	15.53700335
29	64.45977225	7.286508826	6.188915279	3.756099678	3.439439162	4.248249458	70.18486714	59.71697335	99.29060783	18.48681591	7.4424684
30	44.40281795	4.949427452	4.203878272	2.552371839	2.337283451	2.80446672	50.28922038	42.75425541	73.04938593	12.40906176	3.579458159
31	32.33834339	3.584092936	3.044203933	1.84893854	1.693183531	1.975665567	38.21477684	32.47029619	56.75156395	8.870855794	1.442167397
32	24.43412831	2.71483623	2.305875592	1.400983207	1.283007547	1.452696704	30.22022447	25.65907152	45.75275151	6.628196083	0.159318258
33	19.01833241	2.135935478	1.814164501	1.102608753	1.009789361	1.109182219	24.67510907	20.93768368	38.01489504	5.139424222	0.643490281
34	15.21553305	1.741754573	1.479346278	0.899415573	0.82372636	0.876899224	20.74300807	17.59074439	32.46265739	4.123584079	1.159065206
35	12.51059797	1.470022348	1.248531647	0.759335159	0.695455923	0.717989194	17.92605863	15.19427025	28.43072333	3.423570193	1.498711368
36	10.55908883	1.280418521	1.08747724	0.661597273	0.605956708	0.60745727	15.88549032	13.45894798	25.50174578	2.931859223	1.730304648
37	9.118085544	1.145792929	0.973118103	0.592206239	0.542416836	0.528908337	14.38307801	12.18193975	23.32754117	2.580220741	1.895601834
38	8.025810276	1.047961421	0.890011031	0.54179089	0.496253177	0.471526813	13.25222643	11.21977633	21.6850942	2.320751834	2.019859208
39	7.175505948	0.975021857	0.8280466	0.504214681	0.461846906	0.428320235	12.38037751	10.47886766	20.41488542	2.124569236	2.118086739
40	5.986264475	0.882889075	0.749766513	0.456798031	0.418434501	0.371771014	11.19756345	9.473599595	18.69018912	1.866651348	2.265394719
41	5.130917354	0.82364853	0.699427647	0.426353691	0.390565293	0.333340248	10.37140437	8.771917596	17.48603506	1.68989796	2.381134741
42	4.481595858	0.784706216	0.666327931	0.406389504	0.37229329	0.305885136	9.765776358	8.258450328	16.60546907	1.562841966	2.474695732
43	3.788186321	0.753390753	0.639691167	0.39044263	0.357706313	0.278742118	9.151923138	7.738126344	15.7119063	1.436295755	2.587847794
44	3.286052917	0.739552916	0.627900673	0.383527745	0.351393623	0.260432408	8.729009514	7.37767497	15.09760823	1.350354193	2.680125256
45	2.913090515	0.737531011	0.62614447	0.382723254	0.350678545	0.247859822	8.43304988	7.126105599	14.66271274	1.29095547	2.754529825
46	2.574521503	0.748514046	0.635420104	0.388733193	0.356212284	0.237350656	8.179345694	6.911782617	14.30322404	1.240918601	2.828992664
47	2.343010682	0.768496483	0.652339007	0.399406816	0.366015879	0.230792161	8.019461766	6.776717679	14.08153102	1.209425985	2.887925729
48	2.185815743	0.794503937	0.674372054	0.413203051	0.378683089	0.226744343	7.919212656	6.692031122	13.93851134	1.189782731	2.932316143
49	2.080141447	0.824559505	0.699843047	0.42910067	0.393274269	0.224299925	7.859623923	6.640195646	13.85999284	1.177746584	2.964158759
50	1.999612995	0.866050243	0.735010862	0.451008688	0.413381254	0.222709695	7.819158587	6.606014619	13.81045381	1.169674734	2.994212598
51	1.95176349	0.909930586	0.772207992	0.47416174	0.434626665	0.221970116	7.800464554	6.590224018	13.79698229	1.165669311	3.01395585
52	1.924378347	0.955264111	0.810637739	0.498070642	0.456565718	0.221721793	7.795616731	6.586129351	13.79780254	1.164007393	3.030776221
53	1.909647913	1.001472692	0.849809124	0.522435927	0.478924235	0.221754446	7.796090738	6.586530157	13.80177614	1.163690979	3.042052784
54	1.902658892	1.048202434	0.889424417	0.547075176	0.501532108	0.221948392	7.802865334	6.592252997	13.82470183	1.164135782	3.051639991
55	1.900357888	1.095241555	0.929302357	0.571876004	0.524289531	0.222234217	7.810188738	6.598439496	13.84000273	1.165014153	3.057282832
