1	8144.305021	5613.17574	4754.914529	1989.214985	1775.101063	1212.111422	1.88268E-05	9.67155E-06	0	919.2606528	43.57847757
2	1338.822213	951.5231671	806.5323377	347.3374262	310.8692307	214.6893132	4.94405E-05	2.53068E-05	0	154.7191911	43.17988316
3	555.1117525	406.3396188	344.5678654	153.2971674	137.5809463	94.00293639	8.63985E-05	4.40215E-05	0	65.74277736	42.60374053
4	320.7879782	242.2831257	205.5176948	94.43935305	84.96150728	56.60851158	0.000127137	6.43092E-05	0	39.00189211	41.80324701
5	216.3927063	169.3673452	143.6936826	68.13282907	61.42158303	39.42984382	0.000169968	8.51821E-05	0	27.07223552	40.71984494
6	157.634379	128.7542968	109.2565693	53.39564777	48.22328085	29.46652646	0.000213469	0.000105731	0	20.35050372	39.27362678
7	118.9320383	102.4277829	86.92954856	43.75185376	39.57686154	22.70352751	0.000255611	0.000124729	0	15.89575248	37.34485958
8	91.32324799	84.15243127	71.42827692	36.99577205	33.51543989	17.74567973	0.000293894	0.000140694	0	12.68358877	34.85084341
9	71.51939244	71.92588113	61.04187907	32.50742278	29.49115354	14.11362676	0.000326841	0.000152594	0	10.36188105	31.93875436
10	56.95223263	64.06590728	54.38693708	29.72671864	27.00578288	11.39540756	0.000354807	0.000160132	4.592E-14	8.637935452	28.96209733
11	45.31342937	58.7358124	49.86977793	27.91348431	25.39171074	9.180689114	0.000375197	0.000161438	7.49047E-13	7.21210684	26.00611639
12	35.3104382	54.68778032	46.4367709	26.51673975	24.1590678	7.247758606	0.000380435	0.000152402	1.27135E-12	5.919961235	22.89149866
13	26.7372463	51.49272185	43.7359017	25.43073681	23.19028082	5.557450759	0.00036259	0.000129141	1.51862E-12	4.736467973	19.50919616
14	19.56322948	49.19334187	41.77450319	24.64761885	22.50594764	4.131795286	0.000318082	9.01925E-05	1.56618E-12	3.688872425	16.00086365
15	13.76968067	47.83459164	40.62128293	24.2594954	22.17279501	2.969289523	0.000248391	3.66487E-05	1.49567E-12	2.796806392	12.57933514
16	9.179033248	47.40489401	40.2638608	24.27612054	22.20531662	2.04324642	0.000158291	2.88225E-05	1.36994E-12	2.059643853	9.425015643
17	5.584294423	47.86223073	40.65230471	24.69019146	22.60799991	1.315836809	5.38498E-05	0.000102992	1.23086E-12	1.46285008	6.63983839
18	2.774950612	49.09813709	41.70956942	25.47443593	23.33446491	0.747122493	5.90796E-05	0.000182826	1.10332E-12	0.985742064	4.254983165
19	0.566361234	51.00401251	43.32081113	26.57387565	24.3511344	0.301092145	0.000175757	0.000265896	9.97566E-13	0.606501692	2.247625182
20	1.707328693	53.70547252	45.61532549	28.04439219	25.71026647	0.165313298	0.000292814	0.000350445	9.17747E-13	0.209245496	0.566477206
21	3.570335757	56.35057858	47.861975	29.47937925	27.02927903	0.551973989	0.00043852	0.000453106	0.137420768	0.126715822	1.226957935
22	4.805540473	58.92545322	50.0489727	30.8831545	28.32172574	0.811993017	0.00059235	0.000564149	0.26197797	0.353875863	2.811141203
23	5.591334227	61.43638741	52.18166188	32.24633057	29.56402113	0.982464721	0.000742131	0.000678381	0.383167042	0.498650548	3.988306576
24	6.124347547	63.64151152	54.07223829	33.44539559	30.67209794	1.103948457	0.000909176	0.000813419	0.557657874	0.597359433	4.838828552
25	6.516972227	65.38118391	55.55414972	34.36113185	31.52445325	1.198787094	0.001182092	0.001042526	0.800376033	0.672391077	5.493071794
26	6.826447226	66.57452958	56.54579866	34.99895055	32.12720745	1.277216652	0.001955516	0.001700404	1.100076541	0.733561521	6.03431549
27	7.090632411	67.20826573	57.08406932	35.36333335	32.44196372	1.344331984	0.007370207	0.006315013	1.436185467	0.78238306	6.503609693
28	7.328244022	67.38726237	57.23610206	35.4719465	32.54301595	1.402601948	0.032288381	0.02753281	1.773062003	0.820712732	6.921339511
29	8.260973428	73.68639957	62.58634256	38.80343419	35.60105551	1.590719933	0.080644291	0.068680428	2.091041881	0.930793025	7.297529631
30	8.991004675	78.12435198	66.33133297	41.15859459	37.76335016	1.736362711	0.146085649	0.12433265	2.366008443	1.013043007	7.563813714
31	9.448349987	80.45707818	68.2960237	42.40101889	38.9046146	1.82592188	0.213177323	0.181353089	2.581866815	1.061153838	7.707720878
32	9.694372635	81.3421407	69.03131731	42.87773766	39.34302329	1.872159856	0.27085015	0.230338293	2.748601578	1.084318177	7.774699314
33	9.816450555	81.49213076	69.14427067	42.96435484	39.42317836	1.892938758	0.315651945	0.26836843	2.880628666	1.093441164	7.808353664
34	9.876133388	81.35114557	69.01237358	42.89529185	39.36036871	1.900983591	0.348732088	0.296431612	2.987781083	1.095959023	7.831523906
35	9.907158423	81.13261766	68.81677444	42.78380866	39.25849073	1.903290256	0.372672465	0.316730413	3.075691812	1.095808825	7.852678457
36	9.925833194	80.92155163	68.62951275	42.67524211	39.1592021	1.903232722	0.389944134	0.331367177	3.147680899	1.09468587	7.873274872
37	9.939153537	80.74457811	68.47292039	42.58390997	39.07558849	1.902376691	0.402465061	0.341973899	3.206218883	1.093494182	7.89310353
38	9.949979273	80.60475016	68.34918123	42.51160741	39.0093681	1.901342154	0.411609894	0.34971857	3.25353138	1.092404707	7.911296397
39	9.975669847	80.50483602	68.25792402	42.46079512	38.96291672	1.901391141	0.418339991	0.355415683	3.291412852	1.091869992	7.927581418
40	9.985296212	80.37562154	68.14429025	42.39377697	38.9014886	1.899583661	0.426094064	0.361977469	3.340505099	1.090471612	7.951614872
41	9.99282132	80.29676577	68.07486622	42.35284684	38.86400219	1.898430899	0.43057781	0.365771146	3.371768026	1.089680216	7.968467776
42	10.00188044	80.25174758	68.03479958	42.32964905	38.84278978	1.897801176	0.433188976	0.367979612	3.391529051	1.089179886	7.979944756
43	10.00544159	80.21542921	68.00310263	42.31076031	38.8254481	1.897134746	0.435042996	0.369548046	3.40675525	1.088786444	7.98968995
44	10.00760936	80.19783962	67.98777913	42.30156632	38.81709858	1.896779419	0.435924588	0.370293029	3.414563937	1.08850101	7.99498333
45	10.00920745	80.18957927	67.98044575	42.29727147	38.813155	1.896608575	0.436347901	0.370650318	3.418555231	1.088458613	7.997780554
46	10.00979029	80.1847034	67.9762299	42.29473637	38.81082781	1.896512485	0.436576442	0.370843213	3.420811054	1.088383095	7.999441606
47	10.01014005	80.18278239	67.97451856	42.29371556	38.80989063	1.896457754	0.436671768	0.37092367	3.421780735	1.088351686	8.000072486
48	10.01017505	80.18188216	67.97375555	42.29328878	38.80949877	1.896469635	0.436712433	0.370958877	3.422246881	1.088338133	8.000342174
49	10.01027732	80.1815208	67.97336592	42.29304635	38.80927631	1.896458765	0.436731933	0.370974451	3.422430765	1.088331895	8.00054252
50	10.01024764	80.18128307	67.97324784	42.29292095	38.80916125	1.896453142	0.436742164	0.370983972	3.422573244	1.088328668	8.000518799
51	10.01039147	80.18115628	67.97314036	42.29285408	38.80909988	1.896414647	0.43674776	0.37098781	3.422618707	1.088326947	8.00062925
52	10.01038355	80.18109289	67.97308662	42.29292052	38.8090692	1.896413147	0.436750558	0.370990172	3.422666876	1.088326087	8.000622925
53	10.0103796	80.18106119	67.97305975	42.2929038	38.80905386	1.896412397	0.436751433	0.370991795	3.422665523	1.088325656	8.000619762
54	10.01037564	80.18112775	67.97303287	42.29288708	38.80903851	1.896411648	0.436753356	0.370992534	3.42266417	1.088325226	8.000616599
55	10.01037366	80.1811119	67.97301944	42.29287872	38.80903084	1.896411273	0.436754318	0.370993345	3.422663493	1.088325011	8.000615018
