              1                1    0.000000000000E+00
              2                2    0.000000000000E+00
              3                3    0.000000000000E+00
              6                5    0.000000000000E+00
              5                6    0.000000000000E+00
              6                6    0.000000000000E+00
              8                8    0.000000000000E+00
             10                9    0.000000000000E+00
              9               10    0.000000000000E+00
             10               10    0.000000000000E+00
             12               12    0.000000000000E+00
             14               13    0.000000000000E+00
             13               14    0.000000000000E+00
             14               14    0.000000000000E+00
             16               16    0.000000000000E+00
             18               17    0.000000000000E+00
             17               18    0.000000000000E+00
             18               18    0.000000000000E+00
             20               20    0.000000000000E+00
             22               21    0.000000000000E+00
             21               22    0.000000000000E+00
             22               22    0.000000000000E+00
             24               24    0.000000000000E+00
             26               25    0.000000000000E+00
             25               26    0.000000000000E+00
             26               26    0.000000000000E+00
             28               28    0.000000000000E+00
             30               29    0.000000000000E+00
             29               30    0.000000000000E+00
             30               30    0.000000000000E+00
             32               32    0.000000000000E+00
             34               33    0.000000000000E+00
             33               34    0.000000000000E+00
             34               34    0.000000000000E+00
             36               36    0.000000000000E+00
             38               37    0.000000000000E+00
             37               38    0.000000000000E+00
             38               38    0.000000000000E+00
             40               40    0.000000000000E+00
             42               41    0.000000000000E+00
             41               42    0.000000000000E+00
             42               42    0.000000000000E+00
             44               44    0.000000000000E+00
             46               45    0.000000000000E+00
             45               46    0.000000000000E+00
             46               46    0.000000000000E+00
             48               48    0.000000000000E+00
             50               49    0.000000000000E+00
             49               50    0.000000000000E+00
             50               50    0.000000000000E+00
             52               52    0.000000000000E+00
             54               53    0.000000000000E+00
             53               54    0.000000000000E+00
             54               54    0.000000000000E+00
             56               56    0.000000000000E+00
             58               57    0.000000000000E+00
             57               58    0.000000000000E+00
             58               58    0.000000000000E+00
             60               60    0.000000000000E+00
             62               61    0.000000000000E+00
             61               62    0.000000000000E+00
             62               62    0.000000000000E+00
             64               64    0.000000000000E+00
             66               65    0.000000000000E+00
             65               66    0.000000000000E+00
             66               66    0.000000000000E+00
             68               68    0.000000000000E+00
             70               69    0.000000000000E+00
             69               70    0.000000000000E+00
             70               70    0.000000000000E+00
             72               72    0.000000000000E+00
             74               73    0.000000000000E+00
             73               74    0.000000000000E+00
             74               74    0.000000000000E+00
             76               76    0.000000000000E+00
             78               77    0.000000000000E+00
             77               78    0.000000000000E+00
             78               78    0.000000000000E+00
             80               80    0.000000000000E+00
             82               81    0.000000000000E+00
             81               82    0.000000000000E+00
             82               82    0.000000000000E+00
             84               84    0.000000000000E+00
             86               85    0.000000000000E+00
             85               86    0.000000000000E+00
             86               86    0.000000000000E+00
             88               88    0.000000000000E+00
             90               89    0.000000000000E+00
             89               90    0.000000000000E+00
             90               90    0.000000000000E+00
             92               92    0.000000000000E+00
             94               93    0.000000000000E+00
             93               94    0.000000000000E+00
             94               94    0.000000000000E+00
             96               96    0.000000000000E+00
             98               97    0.000000000000E+00
             97               98    0.000000000000E+00
             98               98    0.000000000000E+00
            100              100    0.000000000000E+00
            102              101    0.000000000000E+00
            101              102    0.000000000000E+00
            102              102    0.000000000000E+00
            104              104    0.000000000000E+00
            106              105    0.000000000000E+00
            105              106    0.000000000000E+00
            106              106    0.000000000000E+00
            108              108    0.000000000000E+00
            110              109    0.000000000000E+00
            109              110    0.000000000000E+00
            110              110    0.000000000000E+00
            112              112    0.000000000000E+00
            114              113    0.000000000000E+00
            113              114    0.000000000000E+00
            114              114    0.000000000000E+00
            116              116    0.000000000000E+00
            118              117    0.000000000000E+00
            117              118    0.000000000000E+00
            118              118    0.000000000000E+00
            120              120    0.000000000000E+00
            122              121    0.000000000000E+00
            121              122    0.000000000000E+00
            122              122    0.000000000000E+00
            124              124    0.000000000000E+00
            126              125    0.000000000000E+00
            125              126    0.000000000000E+00
            126              126    0.000000000000E+00
            128              128    0.000000000000E+00
            130              129    0.000000000000E+00
            129              130    0.000000000000E+00
            130              130    0.000000000000E+00
            132              132    0.000000000000E+00
            134              133    0.000000000000E+00
            133              134    0.000000000000E+00
            134              134    0.000000000000E+00
            136              136    0.000000000000E+00
            138              137    0.000000000000E+00
            137              138    0.000000000000E+00
            138              138    0.000000000000E+00
            140              140    0.000000000000E+00
            142              141    0.000000000000E+00
            141              142    0.000000000000E+00
            142              142    0.000000000000E+00
            144              144    0.000000000000E+00
            146              145    0.000000000000E+00
            145              146    0.000000000000E+00
            146              146    0.000000000000E+00
            148              148    0.000000000000E+00
            150              149    0.000000000000E+00
            149              150    0.000000000000E+00
            150              150    0.000000000000E+00
            152              152    0.000000000000E+00
            154              153    0.000000000000E+00
            153              154    0.000000000000E+00
            154              154    0.000000000000E+00
            156              156    0.000000000000E+00
            158              157    0.000000000000E+00
            157              158    0.000000000000E+00
            158              158    0.000000000000E+00
            160              160    0.000000000000E+00
            162              161    0.000000000000E+00
            161              162    0.000000000000E+00
            162              162    0.000000000000E+00
            164              164    0.000000000000E+00
            166              165    0.000000000000E+00
            165              166    0.000000000000E+00
            166              166    0.000000000000E+00
            168              168    0.000000000000E+00
            170              169    0.000000000000E+00
            169              170    0.000000000000E+00
            170              170    0.000000000000E+00
            172              172    0.000000000000E+00
            174              173    0.000000000000E+00
            173              174    0.000000000000E+00
            174              174    0.000000000000E+00
            176              176    0.000000000000E+00
            178              177    0.000000000000E+00
            177              178    0.000000000000E+00
            178              178    0.000000000000E+00
            180              180    0.000000000000E+00
            182              181    0.000000000000E+00
            181              182    0.000000000000E+00
            182              182    0.000000000000E+00
            184              184    0.000000000000E+00
            186              185    0.000000000000E+00
            185              186    0.000000000000E+00
            186              186    0.000000000000E+00
            188              188    0.000000000000E+00
            190              189    0.000000000000E+00
            189              190    0.000000000000E+00
            190              190    0.000000000000E+00
            192              192    0.000000000000E+00
            194              193    0.000000000000E+00
            193              194    0.000000000000E+00
            194              194    0.000000000000E+00
            196              196    0.000000000000E+00
            198              197    0.000000000000E+00
            197              198    0.000000000000E+00
            198              198    0.000000000000E+00
            200              200    0.000000000000E+00
            202              201    0.000000000000E+00
            201              202    0.000000000000E+00
            202              202    0.000000000000E+00
            204              204    0.000000000000E+00
            206              205    0.000000000000E+00
            205              206    0.000000000000E+00
            206              206    0.000000000000E+00
            208              208    0.000000000000E+00
            210              209    0.000000000000E+00
            209              210    0.000000000000E+00
            210              210    0.000000000000E+00
            212              212    0.000000000000E+00
            214              213    0.000000000000E+00
            213              214    0.000000000000E+00
            214              214    0.000000000000E+00
            216              216    0.000000000000E+00
            218              217    0.000000000000E+00
            217              218    0.000000000000E+00
            218              218    0.000000000000E+00
            220              220    0.000000000000E+00
            222              221    0.000000000000E+00
            221              222    0.000000000000E+00
            222              222    0.000000000000E+00
            224              224    0.000000000000E+00
            226              225    0.000000000000E+00
            225              226    0.000000000000E+00
            226              226    0.000000000000E+00
            228              228    0.000000000000E+00
            230              229    0.000000000000E+00
            229              230    0.000000000000E+00
            230              230    0.000000000000E+00
            232              232    0.000000000000E+00
            234              233    0.000000000000E+00
            233              234    0.000000000000E+00
            234              234    0.000000000000E+00
            236              236    0.000000000000E+00
            238              237    0.000000000000E+00
            237              238    0.000000000000E+00
            238              238    0.000000000000E+00
            240              240    0.000000000000E+00
            242              241    0.000000000000E+00
            241              242    0.000000000000E+00
            242              242    0.000000000000E+00
            244              244    0.000000000000E+00
            246              245    0.000000000000E+00
            245              246    0.000000000000E+00
            246              246    0.000000000000E+00
            248              248    0.000000000000E+00
            250              249    0.000000000000E+00
            249              250    0.000000000000E+00
            250              250    0.000000000000E+00
            252              252    0.000000000000E+00
            254              253    0.000000000000E+00
            253              254    0.000000000000E+00
            254              254    0.000000000000E+00
            256              256    0.000000000000E+00
            258              257    0.000000000000E+00
            257              258    0.000000000000E+00
            258              258    0.000000000000E+00
            260              260    0.000000000000E+00
            262              261    0.000000000000E+00
            261              262    0.000000000000E+00
            262              262    0.000000000000E+00
            264              264    0.000000000000E+00
            266              265    0.000000000000E+00
            265              266    0.000000000000E+00
            266              266    0.000000000000E+00
            268              268    0.000000000000E+00
            270              269    0.000000000000E+00
            269              270    0.000000000000E+00
            270              270    0.000000000000E+00
            272              272    0.000000000000E+00
            274              273    0.000000000000E+00
            273              274    0.000000000000E+00
            274              274    0.000000000000E+00
            276              276    0.000000000000E+00
            278              277    0.000000000000E+00
            277              278    0.000000000000E+00
            278              278    0.000000000000E+00
            280              280    0.000000000000E+00
            282              281    0.000000000000E+00
            281              282    0.000000000000E+00
            282              282    0.000000000000E+00
            284              284    0.000000000000E+00
            286              285    0.000000000000E+00
            285              286    0.000000000000E+00
            286              286    0.000000000000E+00
            288              288    0.000000000000E+00
            290              289    0.000000000000E+00
            289              290    0.000000000000E+00
            290              290    0.000000000000E+00
            292              292    0.000000000000E+00
            294              293    0.000000000000E+00
            293              294    0.000000000000E+00
            294              294    0.000000000000E+00
            296              296    0.000000000000E+00
            298              297    0.000000000000E+00
            297              298    0.000000000000E+00
            298              298    0.000000000000E+00
            300              300    0.000000000000E+00
            302              301    0.000000000000E+00
            301              302    0.000000000000E+00
            302              302    0.000000000000E+00
            304              304    0.000000000000E+00
            306              305    0.000000000000E+00
            305              306    0.000000000000E+00
            306              306    0.000000000000E+00
            308              308    0.000000000000E+00
            310              309    0.000000000000E+00
            309              310    0.000000000000E+00
            310              310    0.000000000000E+00
            312              312    0.000000000000E+00
            314              313    0.000000000000E+00
            313              314    0.000000000000E+00
            314              314    0.000000000000E+00
            316              316    0.000000000000E+00
            318              317    0.000000000000E+00
            317              318    0.000000000000E+00
            318              318    0.000000000000E+00
            320              320    0.000000000000E+00
            322              321    0.000000000000E+00
            321              322    0.000000000000E+00
            322              322    0.000000000000E+00
            324              324    0.000000000000E+00
            326              325    0.000000000000E+00
            325              326    0.000000000000E+00
            326              326    0.000000000000E+00
            328              328    0.000000000000E+00
            330              329    0.000000000000E+00
            329              330    0.000000000000E+00
            330              330    0.000000000000E+00
            332              332    0.000000000000E+00
            334              333    0.000000000000E+00
            333              334    0.000000000000E+00
            334              334    0.000000000000E+00
            336              336    0.000000000000E+00
            338              337    0.000000000000E+00
            337              338    0.000000000000E+00
            338              338    0.000000000000E+00
            340              340    0.000000000000E+00
            342              341    0.000000000000E+00
            341              342    0.000000000000E+00
            342              342    0.000000000000E+00
            344              344    0.000000000000E+00
            346              345    0.000000000000E+00
            345              346    0.000000000000E+00
            346              346    0.000000000000E+00
            348              348    0.000000000000E+00
            350              349    0.000000000000E+00
            349              350    0.000000000000E+00
            350              350    0.000000000000E+00
            352              352    0.000000000000E+00
            354              353    0.000000000000E+00
            353              354    0.000000000000E+00
            354              354    0.000000000000E+00
            356              356    0.000000000000E+00
            358              357    0.000000000000E+00
            357              358    0.000000000000E+00
            358              358    0.000000000000E+00
            360              360    0.000000000000E+00
            362              361    0.000000000000E+00
            361              362    0.000000000000E+00
            362              362    0.000000000000E+00
            364              364    0.000000000000E+00
            366              365    0.000000000000E+00
            365              366    0.000000000000E+00
            366              366    0.000000000000E+00
            368              368    0.000000000000E+00
            370              369    0.000000000000E+00
            369              370    0.000000000000E+00
            370              370    0.000000000000E+00
            372              372    0.000000000000E+00
            374              373    0.000000000000E+00
            373              374    0.000000000000E+00
            374              374    0.000000000000E+00
            376              376    0.000000000000E+00
            378              377    0.000000000000E+00
            377              378    0.000000000000E+00
            378              378    0.000000000000E+00
            380              380    0.000000000000E+00
            382              381    0.000000000000E+00
            381              382    0.000000000000E+00
            382              382    0.000000000000E+00
            384              384    0.000000000000E+00
            386              385    0.000000000000E+00
            385              386    0.000000000000E+00
            386              386    0.000000000000E+00
            388              388    0.000000000000E+00
            390              389    0.000000000000E+00
            389              390    0.000000000000E+00
            390              390    0.000000000000E+00
            392              392    0.000000000000E+00
            394              393    0.000000000000E+00
            393              394    0.000000000000E+00
            394              394    0.000000000000E+00
            396              396    0.000000000000E+00
            398              397    0.000000000000E+00
            397              398    0.000000000000E+00
            398              398    0.000000000000E+00
            400              400    0.000000000000E+00
            402              401    0.000000000000E+00
            401              402    0.000000000000E+00
            402              402    0.000000000000E+00
            404              404    0.000000000000E+00
            406              405    0.000000000000E+00
            405              406    0.000000000000E+00
            406              406    0.000000000000E+00
            408              408    0.000000000000E+00
            410              409    0.000000000000E+00
            409              410    0.000000000000E+00
            410              410    0.000000000000E+00
            412              412    0.000000000000E+00
            414              413    0.000000000000E+00
            413              414    0.000000000000E+00
            414              414    0.000000000000E+00
            416              416    0.000000000000E+00
            418              417    0.000000000000E+00
            417              418    0.000000000000E+00
            418              418    0.000000000000E+00
            420              420    0.000000000000E+00
            422              421    0.000000000000E+00
            421              422    0.000000000000E+00
            422              422    0.000000000000E+00
            424              424    0.000000000000E+00
            426              425    0.000000000000E+00
            425              426    0.000000000000E+00
            426              426    0.000000000000E+00
            428              428    0.000000000000E+00
            430              429    0.000000000000E+00
            429              430    0.000000000000E+00
            430              430    0.000000000000E+00
            432              432    0.000000000000E+00
            434              433    0.000000000000E+00
            433              434    0.000000000000E+00
            434              434    0.000000000000E+00
            436              436    0.000000000000E+00
            438              437    0.000000000000E+00
            437              438    0.000000000000E+00
            438              438    0.000000000000E+00
            440              440    0.000000000000E+00
            442              441    0.000000000000E+00
            441              442    0.000000000000E+00
            442              442    0.000000000000E+00
            444              444    0.000000000000E+00
            446              445    0.000000000000E+00
            445              446    0.000000000000E+00
            446              446    0.000000000000E+00
            448              448    0.000000000000E+00
            450              449    0.000000000000E+00
            449              450    0.000000000000E+00
            450              450    0.000000000000E+00
            452              452    0.000000000000E+00
            454              453    0.000000000000E+00
            453              454    0.000000000000E+00
            454              454    0.000000000000E+00
            456              456    0.000000000000E+00
            458              457    0.000000000000E+00
            457              458    0.000000000000E+00
            458              458    0.000000000000E+00
            460              460    0.000000000000E+00
            462              461    0.000000000000E+00
            461              462    0.000000000000E+00
            462              462    0.000000000000E+00
            464              464    0.000000000000E+00
            466              465    0.000000000000E+00
            465              466    0.000000000000E+00
            466              466    0.000000000000E+00
            468              468    0.000000000000E+00
            470              469    0.000000000000E+00
            469              470    0.000000000000E+00
            470              470    0.000000000000E+00
            472              472    0.000000000000E+00
            474              473    0.000000000000E+00
            473              474    0.000000000000E+00
            474              474    0.000000000000E+00
            476              476    0.000000000000E+00
            478              477    0.000000000000E+00
            477              478    0.000000000000E+00
            478              478    0.000000000000E+00
            480              480    0.000000000000E+00
