  0.000000000000E+00   -2.182787284255E-11    0.000000000000E+00
  0.000000000000E+00   -1.776356839400E-15    0.000000000000E+00
  0.000000000000E+00    5.684341886081E-14    0.000000000000E+00
  0.000000000000E+00    0.000000000000E+00    0.000000000000E+00
  0.000000000000E+00   -1.455191522837E-11    0.000000000000E+00
  0.000000000000E+00    1.776356839400E-15    0.000000000000E+00
  0.000000000000E+00    1.421085471520E-14    0.000000000000E+00
  0.000000000000E+00   -2.220446049250E-16    0.000000000000E+00
  0.000000000000E+00   -7.275957614183E-12    0.000000000000E+00
  0.000000000000E+00    0.000000000000E+00    0.000000000000E+00
  0.000000000000E+00   -7.105427357601E-14    0.000000000000E+00
  0.000000000000E+00    0.000000000000E+00    0.000000000000E+00
  0.000000000000E+00    7.275957614183E-12    0.000000000000E+00
  0.000000000000E+00    3.552713678801E-15    0.000000000000E+00
  0.000000000000E+00    1.136868377216E-13    0.000000000000E+00
  0.000000000000E+00    0.000000000000E+00    0.000000000000E+00
  0.000000000000E+00    2.182787284255E-11    0.000000000000E+00
  0.000000000000E+00    0.000000000000E+00    0.000000000000E+00
  0.000000000000E+00   -1.705302565824E-13    0.000000000000E+00
  0.000000000000E+00    4.440892098501E-16    0.000000000000E+00
  0.000000000000E+00    0.000000000000E+00    0.000000000000E+00
  0.000000000000E+00   -3.552713678801E-15    0.000000000000E+00
  0.000000000000E+00   -1.136868377216E-13    0.000000000000E+00
  0.000000000000E+00    3.552713678801E-15    0.000000000000E+00
  0.000000000000E+00    1.455191522837E-11    0.000000000000E+00
  0.000000000000E+00   -7.105427357601E-15    0.000000000000E+00
  0.000000000000E+00    1.136868377216E-13    0.000000000000E+00
  0.000000000000E+00    8.437694987151E-15    0.000000000000E+00
  0.000000000000E+00   -2.910383045673E-11    0.000000000000E+00
  0.000000000000E+00    0.000000000000E+00    0.000000000000E+00
  0.000000000000E+00   -4.547473508865E-13    0.000000000000E+00
  0.000000000000E+00    2.398081733190E-14    0.000000000000E+00
  0.000000000000E+00   -1.455191522837E-11    0.000000000000E+00
  0.000000000000E+00    0.000000000000E+00    0.000000000000E+00
  0.000000000000E+00    0.000000000000E+00    0.000000000000E+00
  0.000000000000E+00    4.396483177516E-14    0.000000000000E+00
  0.000000000000E+00   -1.455191522837E-11    0.000000000000E+00
  0.000000000000E+00    1.421085471520E-14    0.000000000000E+00
  0.000000000000E+00   -2.273736754432E-13    0.000000000000E+00
  0.000000000000E+00    9.148237722911E-14    0.000000000000E+00
  0.000000000000E+00    0.000000000000E+00    0.000000000000E+00
  0.000000000000E+00    0.000000000000E+00    0.000000000000E+00
  0.000000000000E+00    0.000000000000E+00    0.000000000000E+00
  0.000000000000E+00    1.461053500407E-13    0.000000000000E+00
  0.000000000000E+00   -7.275957614183E-12    0.000000000000E+00
  0.000000000000E+00    0.000000000000E+00    0.000000000000E+00
  0.000000000000E+00   -2.273736754432E-13    0.000000000000E+00
  0.000000000000E+00    2.517985819850E-13    0.000000000000E+00
  0.000000000000E+00   -1.455191522837E-11    0.000000000000E+00
  0.000000000000E+00    2.842170943040E-14    0.000000000000E+00
  0.000000000000E+00    4.547473508865E-13    0.000000000000E+00
  0.000000000000E+00    3.659295089165E-13    0.000000000000E+00
  0.000000000000E+00    0.000000000000E+00    0.000000000000E+00
  0.000000000000E+00    1.421085471520E-13    0.000000000000E+00
  0.000000000000E+00    9.094947017729E-13    0.000000000000E+00
  0.000000000000E+00    5.595524044111E-13    0.000000000000E+00
  0.000000000000E+00   -1.455191522837E-11    0.000000000000E+00
  0.000000000000E+00    1.705302565824E-13    0.000000000000E+00
  0.000000000000E+00    0.000000000000E+00    0.000000000000E+00
  0.000000000000E+00    7.607248164732E-13    0.000000000000E+00
  0.000000000000E+00    7.275957614183E-12    0.000000000000E+00
  0.000000000000E+00    6.252776074689E-13    0.000000000000E+00
  0.000000000000E+00   -9.094947017729E-13    0.000000000000E+00
  0.000000000000E+00    1.065814103640E-12    0.000000000000E+00
  0.000000000000E+00    0.000000000000E+00    0.000000000000E+00
  0.000000000000E+00    1.705302565824E-12    0.000000000000E+00
  0.000000000000E+00   -3.637978807092E-12    0.000000000000E+00
  0.000000000000E+00    1.374012015276E-12    0.000000000000E+00
  0.000000000000E+00   -2.182787284255E-11    0.000000000000E+00
  0.000000000000E+00    3.524291969370E-12    0.000000000000E+00
  0.000000000000E+00   -3.637978807092E-12    0.000000000000E+00
  0.000000000000E+00    1.804778548831E-12    0.000000000000E+00
  0.000000000000E+00   -3.637978807092E-11    0.000000000000E+00
  0.000000000000E+00    7.503331289627E-12    0.000000000000E+00
  0.000000000000E+00   -5.456968210638E-12    0.000000000000E+00
  0.000000000000E+00    2.227995565818E-12    0.000000000000E+00
  0.000000000000E+00   -2.182787284255E-11    0.000000000000E+00
  0.000000000000E+00    1.523403625470E-11    0.000000000000E+00
  0.000000000000E+00   -2.910383045673E-11    0.000000000000E+00
  0.000000000000E+00    2.777333918402E-12    0.000000000000E+00
  0.000000000000E+00   -4.365574568510E-11    0.000000000000E+00
  0.000000000000E+00    3.069544618484E-11    0.000000000000E+00
  0.000000000000E+00   -3.637978807092E-11    0.000000000000E+00
  0.000000000000E+00    3.306688256544E-12    0.000000000000E+00
  0.000000000000E+00   -1.018634065986E-10    0.000000000000E+00
  0.000000000000E+00    6.320988177322E-11    0.000000000000E+00
  0.000000000000E+00   -5.820766091347E-11    0.000000000000E+00
  0.000000000000E+00    3.942624005049E-12    0.000000000000E+00
  0.000000000000E+00   -1.455191522837E-10    0.000000000000E+00
  0.000000000000E+00    1.205080479849E-10    0.000000000000E+00
  0.000000000000E+00   -1.236912794411E-10    0.000000000000E+00
  0.000000000000E+00    4.543920795186E-12    0.000000000000E+00
  0.000000000000E+00   -2.182787284255E-10    0.000000000000E+00
  0.000000000000E+00    2.332853910048E-10    0.000000000000E+00
  0.000000000000E+00   -2.110027708113E-10    0.000000000000E+00
  0.000000000000E+00    5.210942788381E-12    0.000000000000E+00
  0.000000000000E+00   -4.147295840085E-10    0.000000000000E+00
  0.000000000000E+00    4.301909939386E-10    0.000000000000E+00
  0.000000000000E+00   -4.438334144652E-10    0.000000000000E+00
  0.000000000000E+00    5.830003146912E-12    0.000000000000E+00
  0.000000000000E+00   -8.221832104027E-10    0.000000000000E+00
  0.000000000000E+00    8.021743269637E-10    0.000000000000E+00
  0.000000000000E+00   -8.294591680169E-10    0.000000000000E+00
  0.000000000000E+00    6.446398970184E-12    0.000000000000E+00
  0.000000000000E+00   -1.426087692380E-09    0.000000000000E+00
  0.000000000000E+00    1.432454155292E-09    0.000000000000E+00
  0.000000000000E+00   -1.469743438065E-09    0.000000000000E+00
  0.000000000000E+00    7.007727731434E-12    0.000000000000E+00
  0.000000000000E+00   -2.546585164964E-09    0.000000000000E+00
  0.000000000000E+00    2.561137080193E-09    0.000000000000E+00
  0.000000000000E+00   -2.663000486791E-09    0.000000000000E+00
  0.000000000000E+00    7.472245044937E-12    0.000000000000E+00
  0.000000000000E+00   -4.416506271809E-09    0.000000000000E+00
  0.000000000000E+00    4.421963240020E-09    0.000000000000E+00
  0.000000000000E+00   -4.423782229424E-09    0.000000000000E+00
  0.000000000000E+00    7.887024366937E-12    0.000000000000E+00
  0.000000000000E+00   -7.516064215451E-09    0.000000000000E+00
  0.000000000000E+00    7.541530067101E-09    0.000000000000E+00
  0.000000000000E+00   -7.566995918751E-09    0.000000000000E+00
  0.000000000000E+00    8.097522652406E-12    0.000000000000E+00
  0.000000000000E+00   -1.255102688447E-08    0.000000000000E+00
  0.000000000000E+00    1.253283699043E-08    0.000000000000E+00
  0.000000000000E+00   -1.239823177457E-08    0.000000000000E+00
  0.000000000000E+00    8.273381979507E-12    0.000000000000E+00
  0.000000000000E+00   -2.027081791312E-08    0.000000000000E+00
  0.000000000000E+00    2.029992174357E-08    0.000000000000E+00
  0.000000000000E+00   -2.013985067606E-08    0.000000000000E+00
  0.000000000000E+00    8.137490681293E-12    0.000000000000E+00
  0.000000000000E+00   -3.213790478185E-08    0.000000000000E+00
  0.000000000000E+00    3.214881871827E-08    0.000000000000E+00
  0.000000000000E+00   -3.236345946789E-08    0.000000000000E+00
  0.000000000000E+00    7.994493955721E-12    0.000000000000E+00
  0.000000000000E+00   -4.885077942163E-08    0.000000000000E+00
  0.000000000000E+00    4.885077942163E-08    0.000000000000E+00
  0.000000000000E+00   -4.854518920183E-08    0.000000000000E+00
  0.000000000000E+00    7.461586903901E-12    0.000000000000E+00
  0.000000000000E+00   -7.261405698955E-08    0.000000000000E+00
  0.000000000000E+00    7.262860890478E-08    0.000000000000E+00
  0.000000000000E+00   -7.229391485453E-08    0.000000000000E+00
  0.000000000000E+00    6.961542453610E-12    0.000000000000E+00
  0.000000000000E+00   -1.010339474306E-07    0.000000000000E+00
  0.000000000000E+00    1.010339474306E-07    0.000000000000E+00
  0.000000000000E+00   -1.012813299894E-07    0.000000000000E+00
  0.000000000000E+00    6.053824108676E-12    0.000000000000E+00
  0.000000000000E+00   -1.365406205878E-07    0.000000000000E+00
  0.000000000000E+00    1.365551725030E-07    0.000000000000E+00
  0.000000000000E+00   -1.371372491121E-07    0.000000000000E+00
  0.000000000000E+00    5.229594535194E-12    0.000000000000E+00
  0.000000000000E+00   -1.658627297729E-07    0.000000000000E+00
  0.000000000000E+00    1.658481778577E-07    0.000000000000E+00
  0.000000000000E+00   -1.667067408562E-07    0.000000000000E+00
  0.000000000000E+00    4.087397087460E-12    0.000000000000E+00
  0.000000000000E+00   -1.893495209515E-07    0.000000000000E+00
  0.000000000000E+00    1.893640728667E-07    0.000000000000E+00
  0.000000000000E+00   -1.911539584398E-07    0.000000000000E+00
  0.000000000000E+00    3.090860900556E-12    0.000000000000E+00
  0.000000000000E+00   -1.787848304957E-07    0.000000000000E+00
  0.000000000000E+00    1.787557266653E-07    0.000000000000E+00
  0.000000000000E+00   -1.788139343262E-07    0.000000000000E+00
  0.000000000000E+00    1.993960552227E-12    0.000000000000E+00
  0.000000000000E+00   -1.370790414512E-07    0.000000000000E+00
  0.000000000000E+00    1.370790414512E-07    0.000000000000E+00
  0.000000000000E+00   -1.364387571812E-07    0.000000000000E+00
  0.000000000000E+00    1.127098414599E-12    0.000000000000E+00
  0.000000000000E+00   -5.785841494799E-08    0.000000000000E+00
  0.000000000000E+00    5.788751877844E-08    0.000000000000E+00
  0.000000000000E+00   -5.634501576424E-08    0.000000000000E+00
  0.000000000000E+00    4.414246745910E-13    0.000000000000E+00
  0.000000000000E+00    8.498318493366E-09    0.000000000000E+00
  0.000000000000E+00   -8.527422323823E-09    0.000000000000E+00
  0.000000000000E+00    1.117587089539E-08    0.000000000000E+00
  0.000000000000E+00    6.661338147751E-14    0.000000000000E+00
  0.000000000000E+00   -3.416789695621E-08    0.000000000000E+00
  0.000000000000E+00    3.425520844758E-08    0.000000000000E+00
  0.000000000000E+00   -3.352761268616E-08    0.000000000000E+00
  0.000000000000E+00    1.687538997430E-14    0.000000000000E+00
  0.000000000000E+00   -3.349268808961E-07    0.000000000000E+00
  0.000000000000E+00    3.348686732352E-07    0.000000000000E+00
  0.000000000000E+00   -3.362074494362E-07    0.000000000000E+00
  0.000000000000E+00    2.584599201327E-13    0.000000000000E+00
  0.000000000000E+00   -9.433133527637E-07    0.000000000000E+00
  0.000000000000E+00    9.433715604246E-07    0.000000000000E+00
  0.000000000000E+00   -9.415671229362E-07    0.000000000000E+00
  0.000000000000E+00    6.430411758629E-13    0.000000000000E+00
  0.000000000000E+00   -1.896813046187E-06    0.000000000000E+00
  0.000000000000E+00    1.896871253848E-06    0.000000000000E+00
  0.000000000000E+00   -1.902692019939E-06    0.000000000000E+00
  0.000000000000E+00    1.079136779936E-12    0.000000000000E+00
  0.000000000000E+00   -2.803630195558E-06    0.000000000000E+00
  0.000000000000E+00    2.803630195558E-06    0.000000000000E+00
  0.000000000000E+00   -2.804212272167E-06    0.000000000000E+00
  0.000000000000E+00    1.340261235327E-12    0.000000000000E+00
  0.000000000000E+00   -3.387860488147E-06    0.000000000000E+00
  0.000000000000E+00    3.387802280486E-06    0.000000000000E+00
  0.000000000000E+00   -3.390945494175E-06    0.000000000000E+00
  0.000000000000E+00    1.400657367867E-12    0.000000000000E+00
  0.000000000000E+00   -3.357999958098E-06    0.000000000000E+00
  0.000000000000E+00    3.358029061928E-06    0.000000000000E+00
  0.000000000000E+00   -3.360211849213E-06    0.000000000000E+00
  0.000000000000E+00    1.241673430741E-12    0.000000000000E+00
  0.000000000000E+00   -2.667249646038E-06    0.000000000000E+00
  0.000000000000E+00    2.667220542207E-06    0.000000000000E+00
  0.000000000000E+00   -2.671033143997E-06    0.000000000000E+00
  0.000000000000E+00    9.263700917472E-13    0.000000000000E+00
  0.000000000000E+00   -1.755717676133E-06    0.000000000000E+00
  0.000000000000E+00    1.755717676133E-06    0.000000000000E+00
  0.000000000000E+00   -1.754146069288E-06    0.000000000000E+00
  0.000000000000E+00    6.004086117173E-13    0.000000000000E+00
  0.000000000000E+00   -8.388888090849E-07    0.000000000000E+00
  0.000000000000E+00    8.388742571697E-07    0.000000000000E+00
  0.000000000000E+00   -8.353963494301E-07    0.000000000000E+00
  0.000000000000E+00    3.037570195374E-13    0.000000000000E+00
  0.000000000000E+00   -2.596934791654E-07    0.000000000000E+00
  0.000000000000E+00    2.596934791654E-07    0.000000000000E+00
  0.000000000000E+00   -2.514570951462E-07    0.000000000000E+00
  0.000000000000E+00    1.172395514004E-13    0.000000000000E+00
  0.000000000000E+00   -6.955815479159E-09    0.000000000000E+00
  0.000000000000E+00    6.963091436774E-09    0.000000000000E+00
  0.000000000000E+00   -7.683411240578E-09    0.000000000000E+00
  0.000000000000E+00    2.131628207280E-14    0.000000000000E+00
  0.000000000000E+00   -8.134520612657E-09    0.000000000000E+00
  0.000000000000E+00    8.139977580868E-09    0.000000000000E+00
  0.000000000000E+00   -1.338776201010E-08    0.000000000000E+00
  0.000000000000E+00    8.881784197001E-16    0.000000000000E+00
  0.000000000000E+00   -1.318403519690E-07    0.000000000000E+00
  0.000000000000E+00    1.318403519690E-07    0.000000000000E+00
  0.000000000000E+00   -1.321313902736E-07    0.000000000000E+00
  0.000000000000E+00    2.042810365310E-14    0.000000000000E+00
  0.000000000000E+00   -2.793676685542E-07    0.000000000000E+00
  0.000000000000E+00    2.793749445118E-07    0.000000000000E+00
  0.000000000000E+00   -2.801825758070E-07    0.000000000000E+00
  0.000000000000E+00    5.684341886081E-14    0.000000000000E+00
  0.000000000000E+00   -3.857203410007E-07    0.000000000000E+00
  0.000000000000E+00    3.857276169583E-07    0.000000000000E+00
  0.000000000000E+00   -3.906898200512E-07    0.000000000000E+00
  0.000000000000E+00    9.148237722911E-14    0.000000000000E+00
  0.000000000000E+00   -4.464527592063E-07    0.000000000000E+00
  0.000000000000E+00    4.464673111215E-07    0.000000000000E+00
  0.000000000000E+00   -4.393514245749E-07    0.000000000000E+00
  0.000000000000E+00    1.163513729807E-13    0.000000000000E+00
  0.000000000000E+00   -4.529319994617E-07    0.000000000000E+00
  0.000000000000E+00    4.529138095677E-07    0.000000000000E+00
  0.000000000000E+00   -4.577450454235E-07    0.000000000000E+00
  0.000000000000E+00    1.278976924368E-13    0.000000000000E+00
  0.000000000000E+00   -4.311223165132E-07    0.000000000000E+00
  0.000000000000E+00    4.311150405556E-07    0.000000000000E+00
  0.000000000000E+00   -4.228204488754E-07    0.000000000000E+00
  0.000000000000E+00    1.296740492762E-13    0.000000000000E+00
  0.000000000000E+00   -3.856148396153E-07    0.000000000000E+00
  0.000000000000E+00    3.856257535517E-07    0.000000000000E+00
  0.000000000000E+00   -3.937166184187E-07    0.000000000000E+00
  0.000000000000E+00    1.234568003383E-13    0.000000000000E+00
  0.000000000000E+00   -3.345185177750E-07    0.000000000000E+00
  0.000000000000E+00    3.345194272697E-07    0.000000000000E+00
  0.000000000000E+00   -3.320164978504E-07    0.000000000000E+00
  0.000000000000E+00    1.127986593019E-13    0.000000000000E+00
  0.000000000000E+00   -2.807937562466E-07    0.000000000000E+00
  0.000000000000E+00    2.807937562466E-07    0.000000000000E+00
  0.000000000000E+00   -2.887099981308E-07    0.000000000000E+00
  0.000000000000E+00    9.947598300641E-14    0.000000000000E+00
  0.000000000000E+00   -2.316537575098E-07    0.000000000000E+00
  0.000000000000E+00    2.316519385204E-07    0.000000000000E+00
  0.000000000000E+00   -2.251472324133E-07    0.000000000000E+00
  0.000000000000E+00    8.437694987151E-14    0.000000000000E+00
  0.000000000000E+00   -1.876328497019E-07    0.000000000000E+00
  0.000000000000E+00    1.876178430393E-07    0.000000000000E+00
  0.000000000000E+00   -1.867301762104E-07    0.000000000000E+00
  0.000000000000E+00    7.016609515631E-14    0.000000000000E+00
  0.000000000000E+00   -1.502321538283E-07    0.000000000000E+00
  0.000000000000E+00    1.502485247329E-07    0.000000000000E+00
  0.000000000000E+00   -1.492444425821E-07    0.000000000000E+00
  0.000000000000E+00    5.861977570021E-14    0.000000000000E+00
  0.000000000000E+00   -1.189118847833E-07    0.000000000000E+00
  0.000000000000E+00    1.189036993310E-07    0.000000000000E+00
  0.000000000000E+00   -1.185107976198E-07    0.000000000000E+00
  0.000000000000E+00    4.707345624411E-14    0.000000000000E+00
  0.000000000000E+00   -9.318955562776E-08    0.000000000000E+00
  0.000000000000E+00    9.318318916485E-08    0.000000000000E+00
  0.000000000000E+00   -9.080395102501E-08    0.000000000000E+00
  0.000000000000E+00    3.730349362741E-14    0.000000000000E+00
  0.000000000000E+00   -7.240305421874E-08    0.000000000000E+00
  0.000000000000E+00    7.238850230351E-08    0.000000000000E+00
  0.000000000000E+00   -7.054768502712E-08    0.000000000000E+00
  0.000000000000E+00    2.842170943040E-14    0.000000000000E+00
  0.000000000000E+00   -5.571018846240E-08    0.000000000000E+00
  0.000000000000E+00    5.569745553657E-08    0.000000000000E+00
  0.000000000000E+00   -5.401670932770E-08    0.000000000000E+00
  0.000000000000E+00    2.220446049250E-14    0.000000000000E+00
  0.000000000000E+00   -4.241883289069E-08    0.000000000000E+00
  0.000000000000E+00    4.243338480592E-08    0.000000000000E+00
  0.000000000000E+00   -2.980232238770E-08    0.000000000000E+00
  0.000000000000E+00    1.687538997430E-14    0.000000000000E+00
  0.000000000000E+00   -3.193781594746E-08    0.000000000000E+00
  0.000000000000E+00    3.194145392627E-08    0.000000000000E+00
  0.000000000000E+00   -3.166496753693E-08    0.000000000000E+00
  0.000000000000E+00    1.243449787580E-14    0.000000000000E+00
  0.000000000000E+00   -2.375236363150E-08    0.000000000000E+00
  0.000000000000E+00    2.375600161031E-08    0.000000000000E+00
  0.000000000000E+00   -2.118758857250E-08    0.000000000000E+00
  0.000000000000E+00    8.881784197001E-15    0.000000000000E+00
  0.000000000000E+00   -1.740772859193E-08    0.000000000000E+00
  0.000000000000E+00    1.740409061313E-08    0.000000000000E+00
  0.000000000000E+00   -1.885928213596E-08    0.000000000000E+00
  0.000000000000E+00    6.217248937901E-15    0.000000000000E+00
  0.000000000000E+00   -1.245098246727E-08    0.000000000000E+00
  0.000000000000E+00    1.245643943548E-08    0.000000000000E+00
  0.000000000000E+00   -7.217749953270E-09    0.000000000000E+00
  0.000000000000E+00    4.440892098501E-15    0.000000000000E+00
  0.000000000000E+00   -8.702045306563E-09    0.000000000000E+00
  0.000000000000E+00    8.723873179406E-09    0.000000000000E+00
  0.000000000000E+00   -7.683411240578E-09    0.000000000000E+00
  0.000000000000E+00    3.552713678801E-15    0.000000000000E+00
  0.000000000000E+00   -5.869878805242E-09    0.000000000000E+00
  0.000000000000E+00    5.857145879418E-09    0.000000000000E+00
  0.000000000000E+00   -7.101334631443E-09    0.000000000000E+00
  0.000000000000E+00    1.776356839400E-15    0.000000000000E+00
  0.000000000000E+00   -3.761670086533E-09    0.000000000000E+00
  0.000000000000E+00    3.776222001761E-09    0.000000000000E+00
  0.000000000000E+00    1.396983861923E-09    0.000000000000E+00
  0.000000000000E+00    8.881784197001E-16    0.000000000000E+00
  0.000000000000E+00   -2.268279786222E-09    0.000000000000E+00
  0.000000000000E+00    2.277374733239E-09    0.000000000000E+00
  0.000000000000E+00   -5.238689482212E-09    0.000000000000E+00
  0.000000000000E+00    8.881784197001E-16    0.000000000000E+00
  0.000000000000E+00   -1.205989974551E-09    0.000000000000E+00
  0.000000000000E+00    1.207808963954E-09    0.000000000000E+00
  0.000000000000E+00   -5.820766091347E-10    0.000000000000E+00
  0.000000000000E+00    0.000000000000E+00    0.000000000000E+00
  0.000000000000E+00   -4.056346369907E-10    0.000000000000E+00
  0.000000000000E+00    4.292814992368E-10    0.000000000000E+00
  0.000000000000E+00    0.000000000000E+00    0.000000000000E+00
  0.000000000000E+00    0.000000000000E+00    0.000000000000E+00
  0.000000000000E+00    3.092281986028E-11    0.000000000000E+00
  0.000000000000E+00   -1.818989403546E-11    0.000000000000E+00
  0.000000000000E+00    6.984919309616E-10    0.000000000000E+00
  0.000000000000E+00    0.000000000000E+00    0.000000000000E+00
  0.000000000000E+00    2.946762833744E-10    0.000000000000E+00
  0.000000000000E+00   -3.128661774099E-10    0.000000000000E+00
  0.000000000000E+00   -3.492459654808E-10    0.000000000000E+00
  0.000000000000E+00   -8.881784197001E-16    0.000000000000E+00
  0.000000000000E+00    4.692992661148E-10    0.000000000000E+00
  0.000000000000E+00   -4.511093720794E-10    0.000000000000E+00
  0.000000000000E+00   -4.656612873077E-10    0.000000000000E+00
  0.000000000000E+00    0.000000000000E+00    0.000000000000E+00
  0.000000000000E+00    4.620233085006E-10    0.000000000000E+00
  0.000000000000E+00   -4.729372449219E-10    0.000000000000E+00
  0.000000000000E+00   -9.546056389809E-09    0.000000000000E+00
  0.000000000000E+00    8.881784197001E-16    0.000000000000E+00
  0.000000000000E+00    5.038600647822E-10    0.000000000000E+00
  0.000000000000E+00   -5.020410753787E-10    0.000000000000E+00
  0.000000000000E+00    2.793967723846E-09    0.000000000000E+00
  0.000000000000E+00    8.881784197001E-16    0.000000000000E+00
  0.000000000000E+00    4.256435204297E-10    0.000000000000E+00
  0.000000000000E+00   -4.329194780439E-10    0.000000000000E+00
  0.000000000000E+00    3.667082637548E-09    0.000000000000E+00
  0.000000000000E+00    8.881784197001E-16    0.000000000000E+00
  0.000000000000E+00    3.892637323588E-10    0.000000000000E+00
  0.000000000000E+00   -3.929017111659E-10    0.000000000000E+00
  0.000000000000E+00   -2.910383045673E-10    0.000000000000E+00
  0.000000000000E+00    0.000000000000E+00    0.000000000000E+00
  0.000000000000E+00    2.755768946372E-10    0.000000000000E+00
  0.000000000000E+00   -2.946762833744E-10    0.000000000000E+00
  0.000000000000E+00   -3.492459654808E-10    0.000000000000E+00
  0.000000000000E+00    8.881784197001E-16    0.000000000000E+00
  0.000000000000E+00    2.646629582159E-10    0.000000000000E+00
  0.000000000000E+00   -2.546585164964E-10    0.000000000000E+00
  0.000000000000E+00    3.317836672068E-09    0.000000000000E+00
  0.000000000000E+00    0.000000000000E+00    0.000000000000E+00
  0.000000000000E+00    2.091837814078E-10    0.000000000000E+00
  0.000000000000E+00   -2.073647920042E-10    0.000000000000E+00
  0.000000000000E+00    3.492459654808E-10    0.000000000000E+00
  0.000000000000E+00    8.881784197001E-16    0.000000000000E+00
  0.000000000000E+00    1.573425834067E-10    0.000000000000E+00
  0.000000000000E+00   -1.800799509510E-10    0.000000000000E+00
  0.000000000000E+00    6.402842700481E-09    0.000000000000E+00
  0.000000000000E+00    8.881784197001E-16    0.000000000000E+00
  0.000000000000E+00    1.818989403546E-10    0.000000000000E+00
  0.000000000000E+00   -1.928128767759E-10    0.000000000000E+00
  0.000000000000E+00    5.646143108606E-09    0.000000000000E+00
  0.000000000000E+00    0.000000000000E+00    0.000000000000E+00
  0.000000000000E+00    1.746229827404E-10    0.000000000000E+00
  0.000000000000E+00   -1.764419721439E-10    0.000000000000E+00
  0.000000000000E+00   -1.338776201010E-09    0.000000000000E+00
  0.000000000000E+00    0.000000000000E+00    0.000000000000E+00
  0.000000000000E+00    1.746229827404E-10    0.000000000000E+00
  0.000000000000E+00   -1.673470251262E-10    0.000000000000E+00
  0.000000000000E+00   -9.313225746155E-10    0.000000000000E+00
  0.000000000000E+00    8.881784197001E-16    0.000000000000E+00
  0.000000000000E+00    2.146407496184E-10    0.000000000000E+00
  0.000000000000E+00   -2.146407496184E-10    0.000000000000E+00
  0.000000000000E+00    1.047737896442E-09    0.000000000000E+00
  0.000000000000E+00    8.881784197001E-16    0.000000000000E+00
  0.000000000000E+00    2.037268131971E-10    0.000000000000E+00
  0.000000000000E+00   -2.055458026007E-10    0.000000000000E+00
  0.000000000000E+00    1.717125996947E-09    0.000000000000E+00
  0.000000000000E+00    8.881784197001E-16    0.000000000000E+00
  0.000000000000E+00    2.337401383556E-10    0.000000000000E+00
  0.000000000000E+00   -2.310116542503E-10    0.000000000000E+00
  0.000000000000E+00   -3.929017111659E-09    0.000000000000E+00
  0.000000000000E+00    8.881784197001E-16    0.000000000000E+00
  0.000000000000E+00    2.582964953035E-10    0.000000000000E+00
  0.000000000000E+00   -2.564775059000E-10    0.000000000000E+00
  0.000000000000E+00    2.997694537044E-09    0.000000000000E+00
  0.000000000000E+00    8.881784197001E-16    0.000000000000E+00
  0.000000000000E+00    2.364686224610E-10    0.000000000000E+00
  0.000000000000E+00   -2.328306436539E-10    0.000000000000E+00
  0.000000000000E+00   -2.793967723846E-09    0.000000000000E+00
  0.000000000000E+00    8.881784197001E-16    0.000000000000E+00
  0.000000000000E+00    2.146407496184E-10    0.000000000000E+00
  0.000000000000E+00   -2.019078237936E-10    0.000000000000E+00
  0.000000000000E+00   -2.357410266995E-09    0.000000000000E+00
  0.000000000000E+00    0.000000000000E+00    0.000000000000E+00
  0.000000000000E+00    1.527951098979E-10    0.000000000000E+00
  0.000000000000E+00   -1.464286469854E-10    0.000000000000E+00
  0.000000000000E+00    2.823071554303E-09    0.000000000000E+00
  0.000000000000E+00    0.000000000000E+00    0.000000000000E+00
  0.000000000000E+00    5.366018740460E-11    0.000000000000E+00
  0.000000000000E+00   -5.275069270283E-11    0.000000000000E+00
  0.000000000000E+00   -2.328306436539E-10    0.000000000000E+00
  0.000000000000E+00    0.000000000000E+00    0.000000000000E+00
  0.000000000000E+00   -3.728928277269E-11    0.000000000000E+00
  0.000000000000E+00    3.456079866737E-11    0.000000000000E+00
  0.000000000000E+00    9.895302355289E-10    0.000000000000E+00
  0.000000000000E+00    0.000000000000E+00    0.000000000000E+00
  0.000000000000E+00   -1.555235940032E-10    0.000000000000E+00
  0.000000000000E+00    1.637090463191E-10    0.000000000000E+00
  0.000000000000E+00    1.455191522837E-10    0.000000000000E+00
  0.000000000000E+00    8.881784197001E-16    0.000000000000E+00
  0.000000000000E+00   -3.510649548844E-10    0.000000000000E+00
  0.000000000000E+00    3.556124283932E-10    0.000000000000E+00
  0.000000000000E+00    3.405148163438E-09    0.000000000000E+00
  0.000000000000E+00    8.881784197001E-16    0.000000000000E+00
  0.000000000000E+00   -5.998117558192E-10    0.000000000000E+00
  0.000000000000E+00    5.948095349595E-10    0.000000000000E+00
  0.000000000000E+00    2.430169843137E-09    0.000000000000E+00
  0.000000000000E+00    0.000000000000E+00    0.000000000000E+00
  0.000000000000E+00   -8.481038094033E-10    0.000000000000E+00
  0.000000000000E+00    8.494680514559E-10    0.000000000000E+00
  0.000000000000E+00    1.367880031466E-09    0.000000000000E+00
  0.000000000000E+00    0.000000000000E+00    0.000000000000E+00
  0.000000000000E+00   -1.136868377216E-09    0.000000000000E+00
  0.000000000000E+00    1.134139893111E-09    0.000000000000E+00
  0.000000000000E+00    2.168235369027E-09    0.000000000000E+00
  0.000000000000E+00    0.000000000000E+00    0.000000000000E+00
  0.000000000000E+00   -1.468833943363E-09    0.000000000000E+00
  0.000000000000E+00    1.452008291380E-09    0.000000000000E+00
  0.000000000000E+00    2.299202606082E-09    0.000000000000E+00
  0.000000000000E+00    0.000000000000E+00    0.000000000000E+00
  0.000000000000E+00   -1.807165972423E-09    0.000000000000E+00
  0.000000000000E+00    1.811258698581E-09    0.000000000000E+00
  0.000000000000E+00    5.384208634496E-10    0.000000000000E+00
  0.000000000000E+00    8.881784197001E-16    0.000000000000E+00
  0.000000000000E+00   -2.141405275324E-09    0.000000000000E+00
  0.000000000000E+00    2.157776179956E-09    0.000000000000E+00
  0.000000000000E+00   -3.114109858871E-09    0.000000000000E+00
  0.000000000000E+00    8.881784197001E-16    0.000000000000E+00
  0.000000000000E+00   -2.536125975894E-09    0.000000000000E+00
  0.000000000000E+00    2.536580723245E-09    0.000000000000E+00
  0.000000000000E+00   -1.469743438065E-09    0.000000000000E+00
  0.000000000000E+00    8.881784197001E-16    0.000000000000E+00
  0.000000000000E+00   -2.940396370832E-09    0.000000000000E+00
  0.000000000000E+00    2.945853339043E-09    0.000000000000E+00
  0.000000000000E+00   -8.003553375602E-11    0.000000000000E+00
  0.000000000000E+00    1.776356839400E-15    0.000000000000E+00
  0.000000000000E+00   -3.330114850542E-09    0.000000000000E+00
  0.000000000000E+00    3.329205355840E-09    0.000000000000E+00
  0.000000000000E+00    1.818989403546E-10    0.000000000000E+00
  0.000000000000E+00    8.881784197001E-16    0.000000000000E+00
  0.000000000000E+00   -3.792592906393E-09    0.000000000000E+00
  0.000000000000E+00    3.784862201428E-09    0.000000000000E+00
  0.000000000000E+00   -4.089088179171E-09    0.000000000000E+00
  0.000000000000E+00    2.664535259100E-15    0.000000000000E+00
  0.000000000000E+00   -4.168214218225E-09    0.000000000000E+00
  0.000000000000E+00    4.194362190901E-09    0.000000000000E+00
  0.000000000000E+00   -3.143213689327E-09    0.000000000000E+00
  0.000000000000E+00    1.776356839400E-15    0.000000000000E+00
  0.000000000000E+00   -4.617277227226E-09    0.000000000000E+00
  0.000000000000E+00    4.600451575243E-09    0.000000000000E+00
  0.000000000000E+00   -1.019361661747E-08    0.000000000000E+00
  0.000000000000E+00    3.552713678801E-15    0.000000000000E+00
  0.000000000000E+00    2.364686224610E-11    0.000000000000E+00
  0.000000000000E+00    3.456079866737E-11    0.000000000000E+00
  0.000000000000E+00   -7.105427357601E-15    0.000000000000E+00
  0.000000000000E+00    0.000000000000E+00    0.000000000000E+00
  0.000000000000E+00    0.000000000000E+00    0.000000000000E+00
  0.000000000000E+00    0.000000000000E+00    0.000000000000E+00
  0.000000000000E+00   -8.458300726488E-11    0.000000000000E+00
  0.000000000000E+00   -4.729372449219E-11    0.000000000000E+00
  0.000000000000E+00    3.552713678801E-15    0.000000000000E+00
  0.000000000000E+00   -3.552713678801E-15    0.000000000000E+00
  0.000000000000E+00   -4.440892098501E-16    0.000000000000E+00
  0.000000000000E+00    0.000000000000E+00    0.000000000000E+00
  0.000000000000E+00   -3.274180926383E-11    0.000000000000E+00
  0.000000000000E+00    4.729372449219E-11    0.000000000000E+00
  0.000000000000E+00   -2.131628207280E-14    0.000000000000E+00
  0.000000000000E+00   -1.421085471520E-14    0.000000000000E+00
  0.000000000000E+00   -1.332267629550E-15    0.000000000000E+00
  0.000000000000E+00   -8.881784197001E-16    0.000000000000E+00
  0.000000000000E+00   -5.911715561524E-11    0.000000000000E+00
  0.000000000000E+00   -2.364686224610E-11    0.000000000000E+00
  0.000000000000E+00    0.000000000000E+00    0.000000000000E+00
  0.000000000000E+00    2.842170943040E-14    0.000000000000E+00
  0.000000000000E+00   -4.440892098501E-16    0.000000000000E+00
  0.000000000000E+00   -1.776356839400E-15    0.000000000000E+00
  0.000000000000E+00    2.000888343900E-11    0.000000000000E+00
  0.000000000000E+00    1.818989403546E-11    0.000000000000E+00
  0.000000000000E+00    1.421085471520E-14    0.000000000000E+00
  0.000000000000E+00    0.000000000000E+00    0.000000000000E+00
  0.000000000000E+00    0.000000000000E+00    0.000000000000E+00
  0.000000000000E+00    3.552713678801E-15    0.000000000000E+00
  0.000000000000E+00   -4.729372449219E-11    0.000000000000E+00
  0.000000000000E+00   -4.729372449219E-11    0.000000000000E+00
  0.000000000000E+00   -1.136868377216E-13    0.000000000000E+00
  0.000000000000E+00    0.000000000000E+00    0.000000000000E+00
  0.000000000000E+00   -5.329070518201E-15    0.000000000000E+00
  0.000000000000E+00    0.000000000000E+00    0.000000000000E+00
  0.000000000000E+00    1.818989403546E-11    0.000000000000E+00
  0.000000000000E+00    1.637090463191E-11    0.000000000000E+00
  0.000000000000E+00   -1.136868377216E-13    0.000000000000E+00
  0.000000000000E+00    0.000000000000E+00    0.000000000000E+00
  0.000000000000E+00    7.105427357601E-15    0.000000000000E+00
  0.000000000000E+00    0.000000000000E+00    0.000000000000E+00
  0.000000000000E+00    1.637090463191E-11    0.000000000000E+00
  0.000000000000E+00   -1.055013854057E-10    0.000000000000E+00
  0.000000000000E+00   -5.684341886081E-14    0.000000000000E+00
  0.000000000000E+00    0.000000000000E+00    0.000000000000E+00
  0.000000000000E+00   -1.421085471520E-14    0.000000000000E+00
  0.000000000000E+00    0.000000000000E+00    0.000000000000E+00
  0.000000000000E+00    1.437001628801E-10    0.000000000000E+00
  0.000000000000E+00    2.273736754432E-10    0.000000000000E+00
  0.000000000000E+00    2.273736754432E-13    0.000000000000E+00
  0.000000000000E+00    0.000000000000E+00    0.000000000000E+00
  0.000000000000E+00    7.105427357601E-15    0.000000000000E+00
  0.000000000000E+00    2.842170943040E-14    0.000000000000E+00
  0.000000000000E+00   -8.185452315956E-11    0.000000000000E+00
  0.000000000000E+00   -1.437001628801E-10    0.000000000000E+00
  0.000000000000E+00   -4.547473508865E-13    0.000000000000E+00
  0.000000000000E+00    4.547473508865E-13    0.000000000000E+00
  0.000000000000E+00   -2.842170943040E-14    0.000000000000E+00
  0.000000000000E+00   -5.684341886081E-14    0.000000000000E+00
  0.000000000000E+00    8.003553375602E-11    0.000000000000E+00
  0.000000000000E+00    1.437001628801E-10    0.000000000000E+00
  0.000000000000E+00   -1.364242052659E-12    0.000000000000E+00
  0.000000000000E+00    0.000000000000E+00    0.000000000000E+00
  0.000000000000E+00    8.526512829121E-14    0.000000000000E+00
  0.000000000000E+00    5.684341886081E-14    0.000000000000E+00
  0.000000000000E+00   -9.731593308970E-11    0.000000000000E+00
  0.000000000000E+00   -1.255102688447E-10    0.000000000000E+00
  0.000000000000E+00    4.547473508865E-13    0.000000000000E+00
  0.000000000000E+00   -3.637978807092E-12    0.000000000000E+00
  0.000000000000E+00    0.000000000000E+00    0.000000000000E+00
  0.000000000000E+00   -1.136868377216E-13    0.000000000000E+00
  0.000000000000E+00    9.094947017729E-12    0.000000000000E+00
  0.000000000000E+00    6.912159733474E-11    0.000000000000E+00
  0.000000000000E+00    2.728484105319E-12    0.000000000000E+00
  0.000000000000E+00    1.818989403546E-12    0.000000000000E+00
  0.000000000000E+00    5.684341886081E-14    0.000000000000E+00
  0.000000000000E+00   -2.273736754432E-13    0.000000000000E+00
  0.000000000000E+00   -6.730260793120E-11    0.000000000000E+00
  0.000000000000E+00   -7.639755494893E-11    0.000000000000E+00
  0.000000000000E+00    3.637978807092E-12    0.000000000000E+00
  0.000000000000E+00    3.637978807092E-12    0.000000000000E+00
  0.000000000000E+00    1.136868377216E-13    0.000000000000E+00
  0.000000000000E+00   -2.273736754432E-13    0.000000000000E+00
  0.000000000000E+00    7.275957614183E-11    0.000000000000E+00
  0.000000000000E+00    1.455191522837E-11    0.000000000000E+00
  0.000000000000E+00    3.637978807092E-12    0.000000000000E+00
  0.000000000000E+00   -1.455191522837E-11    0.000000000000E+00
  0.000000000000E+00    4.547473508865E-13    0.000000000000E+00
  0.000000000000E+00    9.094947017729E-13    0.000000000000E+00
  0.000000000000E+00    6.184563972056E-11    0.000000000000E+00
  0.000000000000E+00   -9.640643838793E-11    0.000000000000E+00
  0.000000000000E+00    1.455191522837E-11    0.000000000000E+00
  0.000000000000E+00    1.455191522837E-11    0.000000000000E+00
  0.000000000000E+00    9.094947017729E-13    0.000000000000E+00
  0.000000000000E+00    9.094947017729E-13    0.000000000000E+00
  0.000000000000E+00    4.820321919397E-11    0.000000000000E+00
  0.000000000000E+00    1.437001628801E-10    0.000000000000E+00
  0.000000000000E+00   -7.275957614183E-12    0.000000000000E+00
  0.000000000000E+00   -2.910383045673E-11    0.000000000000E+00
  0.000000000000E+00   -1.364242052659E-12    0.000000000000E+00
  0.000000000000E+00   -1.818989403546E-12    0.000000000000E+00
  0.000000000000E+00   -1.091393642128E-10    0.000000000000E+00
  0.000000000000E+00   -1.309672370553E-10    0.000000000000E+00
  0.000000000000E+00   -4.365574568510E-11    0.000000000000E+00
  0.000000000000E+00    2.910383045673E-11    0.000000000000E+00
  0.000000000000E+00    1.818989403546E-12    0.000000000000E+00
  0.000000000000E+00    5.456968210638E-12    0.000000000000E+00
  0.000000000000E+00    2.364686224610E-11    0.000000000000E+00
  0.000000000000E+00    6.912159733474E-11    0.000000000000E+00
  0.000000000000E+00    0.000000000000E+00    0.000000000000E+00
  0.000000000000E+00    0.000000000000E+00    0.000000000000E+00
  0.000000000000E+00   -3.637978807092E-12    0.000000000000E+00
  0.000000000000E+00    0.000000000000E+00    0.000000000000E+00
  0.000000000000E+00   -3.274180926383E-11    0.000000000000E+00
  0.000000000000E+00    1.600710675120E-10    0.000000000000E+00
  0.000000000000E+00    0.000000000000E+00    0.000000000000E+00
  0.000000000000E+00   -5.820766091347E-11    0.000000000000E+00
  0.000000000000E+00    0.000000000000E+00    0.000000000000E+00
  0.000000000000E+00    3.637978807092E-12    0.000000000000E+00
  0.000000000000E+00   -5.456968210638E-11    0.000000000000E+00
  0.000000000000E+00   -1.818989403546E-10    0.000000000000E+00
  0.000000000000E+00    0.000000000000E+00    0.000000000000E+00
  0.000000000000E+00   -1.164153218269E-10    0.000000000000E+00
  0.000000000000E+00    0.000000000000E+00    0.000000000000E+00
  0.000000000000E+00   -7.275957614183E-12    0.000000000000E+00
  0.000000000000E+00    5.093170329928E-11    0.000000000000E+00
  0.000000000000E+00    4.365574568510E-11    0.000000000000E+00
  0.000000000000E+00   -3.492459654808E-10    0.000000000000E+00
  0.000000000000E+00    2.328306436539E-10    0.000000000000E+00
  0.000000000000E+00    7.275957614183E-12    0.000000000000E+00
  0.000000000000E+00    1.455191522837E-11    0.000000000000E+00
  0.000000000000E+00   -1.455191522837E-11    0.000000000000E+00
  0.000000000000E+00    0.000000000000E+00    0.000000000000E+00
  0.000000000000E+00    0.000000000000E+00    0.000000000000E+00
  0.000000000000E+00    2.328306436539E-10    0.000000000000E+00
  0.000000000000E+00    0.000000000000E+00    0.000000000000E+00
  0.000000000000E+00   -1.455191522837E-11    0.000000000000E+00
  0.000000000000E+00    2.910383045673E-11    0.000000000000E+00
  0.000000000000E+00   -1.455191522837E-11    0.000000000000E+00
  0.000000000000E+00    0.000000000000E+00    0.000000000000E+00
  0.000000000000E+00    2.328306436539E-10    0.000000000000E+00
  0.000000000000E+00    0.000000000000E+00    0.000000000000E+00
  0.000000000000E+00    1.455191522837E-11    0.000000000000E+00
  0.000000000000E+00    7.275957614183E-12    0.000000000000E+00
  0.000000000000E+00   -1.455191522837E-11    0.000000000000E+00
  0.000000000000E+00   -9.313225746155E-10    0.000000000000E+00
  0.000000000000E+00   -1.164153218269E-09    0.000000000000E+00
  0.000000000000E+00   -2.910383045673E-11    0.000000000000E+00
  0.000000000000E+00   -2.910383045673E-11    0.000000000000E+00
  0.000000000000E+00    7.275957614183E-12    0.000000000000E+00
  0.000000000000E+00    1.455191522837E-11    0.000000000000E+00
  0.000000000000E+00    4.656612873077E-10    0.000000000000E+00
  0.000000000000E+00    0.000000000000E+00    0.000000000000E+00
  0.000000000000E+00    1.455191522837E-11    0.000000000000E+00
  0.000000000000E+00   -7.275957614183E-12    0.000000000000E+00
  0.000000000000E+00    0.000000000000E+00    0.000000000000E+00
  0.000000000000E+00   -1.455191522837E-11    0.000000000000E+00
  0.000000000000E+00    5.820766091347E-10    0.000000000000E+00
  0.000000000000E+00   -2.328306436539E-10    0.000000000000E+00
  0.000000000000E+00    5.093170329928E-11    0.000000000000E+00
  0.000000000000E+00    4.729372449219E-11    0.000000000000E+00
  0.000000000000E+00    2.182787284255E-11    0.000000000000E+00
  0.000000000000E+00    1.455191522837E-11    0.000000000000E+00
  0.000000000000E+00    1.717125996947E-09    0.000000000000E+00
  0.000000000000E+00   -5.820766091347E-11    0.000000000000E+00
  0.000000000000E+00    0.000000000000E+00    0.000000000000E+00
  0.000000000000E+00   -3.456079866737E-11    0.000000000000E+00
  0.000000000000E+00    1.455191522837E-11    0.000000000000E+00
  0.000000000000E+00    1.091393642128E-11    0.000000000000E+00
  0.000000000000E+00    6.548361852765E-10    0.000000000000E+00
  0.000000000000E+00    4.947651177645E-10    0.000000000000E+00
  0.000000000000E+00    1.227817847393E-11    0.000000000000E+00
  0.000000000000E+00    1.455191522837E-11    0.000000000000E+00
  0.000000000000E+00    1.818989403546E-12    0.000000000000E+00
  0.000000000000E+00   -1.818989403546E-12    0.000000000000E+00
  0.000000000000E+00    1.702574081719E-09    0.000000000000E+00
  0.000000000000E+00   -8.149072527885E-10    0.000000000000E+00
  0.000000000000E+00   -4.547473508865E-12    0.000000000000E+00
  0.000000000000E+00   -1.818989403546E-11    0.000000000000E+00
  0.000000000000E+00   -1.364242052659E-12    0.000000000000E+00
  0.000000000000E+00   -9.094947017729E-13    0.000000000000E+00
  0.000000000000E+00    6.693881005049E-10    0.000000000000E+00
  0.000000000000E+00    1.047737896442E-09    0.000000000000E+00
  0.000000000000E+00    2.364686224610E-11    0.000000000000E+00
  0.000000000000E+00    2.910383045673E-11    0.000000000000E+00
  0.000000000000E+00    5.684341886081E-12    0.000000000000E+00
  0.000000000000E+00    6.366462912410E-12    0.000000000000E+00
  0.000000000000E+00   -4.365574568510E-10    0.000000000000E+00
  0.000000000000E+00    2.910383045673E-10    0.000000000000E+00
  0.000000000000E+00   -2.910383045673E-11    0.000000000000E+00
  0.000000000000E+00   -3.637978807092E-12    0.000000000000E+00
  0.000000000000E+00    1.932676241267E-12    0.000000000000E+00
  0.000000000000E+00   -7.275957614183E-12    0.000000000000E+00
  0.000000000000E+00    4.656612873077E-10    0.000000000000E+00
  0.000000000000E+00   -4.656612873077E-10    0.000000000000E+00
  0.000000000000E+00    9.094947017729E-12    0.000000000000E+00
  0.000000000000E+00    1.455191522837E-11    0.000000000000E+00
  0.000000000000E+00    2.501110429876E-12    0.000000000000E+00
  0.000000000000E+00    7.162270776462E-12    0.000000000000E+00
  0.000000000000E+00    3.492459654808E-10    0.000000000000E+00
  0.000000000000E+00   -1.164153218269E-10    0.000000000000E+00
  0.000000000000E+00   -2.182787284255E-11    0.000000000000E+00
  0.000000000000E+00   -5.456968210638E-11    0.000000000000E+00
  0.000000000000E+00    2.955857780762E-12    0.000000000000E+00
  0.000000000000E+00    1.591615728103E-12    0.000000000000E+00
  0.000000000000E+00   -2.619344741106E-10    0.000000000000E+00
  0.000000000000E+00   -7.566995918751E-10    0.000000000000E+00
  0.000000000000E+00    1.818989403546E-12    0.000000000000E+00
  0.000000000000E+00    3.637978807092E-11    0.000000000000E+00
  0.000000000000E+00    7.958078640513E-13    0.000000000000E+00
  0.000000000000E+00   -9.094947017729E-12    0.000000000000E+00
  0.000000000000E+00    4.074536263943E-10    0.000000000000E+00
  0.000000000000E+00    1.920852810144E-09    0.000000000000E+00
  0.000000000000E+00    1.455191522837E-11    0.000000000000E+00
  0.000000000000E+00   -5.456968210638E-12    0.000000000000E+00
  0.000000000000E+00    7.048583938740E-12    0.000000000000E+00
  0.000000000000E+00    1.455191522837E-11    0.000000000000E+00
  0.000000000000E+00   -1.746229827404E-09    0.000000000000E+00
  0.000000000000E+00   -1.862645149231E-09    0.000000000000E+00
  0.000000000000E+00    2.546585164964E-11    0.000000000000E+00
  0.000000000000E+00   -2.910383045673E-11    0.000000000000E+00
  0.000000000000E+00   -4.547473508865E-13    0.000000000000E+00
  0.000000000000E+00    1.000444171950E-11    0.000000000000E+00
  0.000000000000E+00    0.000000000000E+00    0.000000000000E+00
  0.000000000000E+00    1.222360879183E-09    0.000000000000E+00
  0.000000000000E+00   -1.818989403546E-12    0.000000000000E+00
  0.000000000000E+00    2.728484105319E-11    0.000000000000E+00
  0.000000000000E+00   -1.364242052659E-11    0.000000000000E+00
  0.000000000000E+00   -1.318767317571E-11    0.000000000000E+00
  0.000000000000E+00   -8.585629984736E-10    0.000000000000E+00
  0.000000000000E+00    5.820766091347E-11    0.000000000000E+00
  0.000000000000E+00   -2.182787284255E-11    0.000000000000E+00
  0.000000000000E+00   -3.637978807092E-12    0.000000000000E+00
  0.000000000000E+00    3.183231456205E-12    0.000000000000E+00
  0.000000000000E+00   -1.364242052659E-12    0.000000000000E+00
  0.000000000000E+00   -9.604264050722E-10    0.000000000000E+00
  0.000000000000E+00   -8.440110832453E-10    0.000000000000E+00
  0.000000000000E+00   -2.182787284255E-11    0.000000000000E+00
  0.000000000000E+00    1.273292582482E-11    0.000000000000E+00
  0.000000000000E+00   -1.500666257925E-11    0.000000000000E+00
  0.000000000000E+00    4.547473508865E-13    0.000000000000E+00
  0.000000000000E+00    6.693881005049E-10    0.000000000000E+00
  0.000000000000E+00    5.529727786779E-10    0.000000000000E+00
  0.000000000000E+00   -1.728039933369E-11    0.000000000000E+00
  0.000000000000E+00   -9.094947017729E-12    0.000000000000E+00
  0.000000000000E+00   -1.409716787748E-11    0.000000000000E+00
  0.000000000000E+00   -1.409716787748E-11    0.000000000000E+00
  0.000000000000E+00   -1.207808963954E-09    0.000000000000E+00
  0.000000000000E+00    0.000000000000E+00    0.000000000000E+00
  0.000000000000E+00   -1.728039933369E-11    0.000000000000E+00
  0.000000000000E+00   -1.637090463191E-11    0.000000000000E+00
  0.000000000000E+00    1.136868377216E-11    0.000000000000E+00
  0.000000000000E+00    9.094947017729E-13    0.000000000000E+00
  0.000000000000E+00   -4.947651177645E-10    0.000000000000E+00
  0.000000000000E+00   -8.731149137020E-11    0.000000000000E+00
  0.000000000000E+00    4.001776687801E-11    0.000000000000E+00
  0.000000000000E+00   -1.818989403546E-12    0.000000000000E+00
  0.000000000000E+00    1.864464138635E-11    0.000000000000E+00
  0.000000000000E+00    2.728484105319E-12    0.000000000000E+00
  0.000000000000E+00    5.966285243630E-10    0.000000000000E+00
  0.000000000000E+00   -5.238689482212E-10    0.000000000000E+00
  0.000000000000E+00   -9.549694368616E-12    0.000000000000E+00
  0.000000000000E+00    2.364686224610E-11    0.000000000000E+00
  0.000000000000E+00    1.000444171950E-11    0.000000000000E+00
  0.000000000000E+00   -2.728484105319E-12    0.000000000000E+00
  0.000000000000E+00    2.328306436539E-10    0.000000000000E+00
  0.000000000000E+00   -1.455191522837E-11    0.000000000000E+00
  0.000000000000E+00   -9.094947017729E-13    0.000000000000E+00
  0.000000000000E+00   -2.091837814078E-11    0.000000000000E+00
  0.000000000000E+00    1.773514668457E-11    0.000000000000E+00
  0.000000000000E+00    7.048583938740E-12    0.000000000000E+00
  0.000000000000E+00    6.693881005049E-10    0.000000000000E+00
  0.000000000000E+00   -8.731149137020E-11    0.000000000000E+00
  0.000000000000E+00    1.955413608812E-11    0.000000000000E+00
  0.000000000000E+00    1.364242052659E-11    0.000000000000E+00
  0.000000000000E+00    6.593836587854E-12    0.000000000000E+00
  0.000000000000E+00    1.591615728103E-11    0.000000000000E+00
  0.000000000000E+00    1.236912794411E-10    0.000000000000E+00
  0.000000000000E+00    8.731149137020E-11    0.000000000000E+00
  0.000000000000E+00   -1.364242052659E-12    0.000000000000E+00
  0.000000000000E+00    1.000444171950E-11    0.000000000000E+00
  0.000000000000E+00   -4.092726157978E-12    0.000000000000E+00
  0.000000000000E+00   -1.637090463191E-11    0.000000000000E+00
  0.000000000000E+00   -9.458744898438E-10    0.000000000000E+00
  0.000000000000E+00   -4.511093720794E-10    0.000000000000E+00
  0.000000000000E+00   -5.456968210638E-12    0.000000000000E+00
  0.000000000000E+00   -4.547473508865E-12    0.000000000000E+00
  0.000000000000E+00   -5.229594535194E-12    0.000000000000E+00
  0.000000000000E+00    0.000000000000E+00    0.000000000000E+00
  0.000000000000E+00    1.156877260655E-09    0.000000000000E+00
  0.000000000000E+00    6.984919309616E-10    0.000000000000E+00
  0.000000000000E+00    2.273736754432E-13    0.000000000000E+00
  0.000000000000E+00    1.818989403546E-12    0.000000000000E+00
  0.000000000000E+00    4.547473508865E-12    0.000000000000E+00
  0.000000000000E+00    0.000000000000E+00    0.000000000000E+00
  0.000000000000E+00    1.018634065986E-10    0.000000000000E+00
  0.000000000000E+00    4.292814992368E-10    0.000000000000E+00
  0.000000000000E+00   -1.318767317571E-11    0.000000000000E+00
  0.000000000000E+00   -4.547473508865E-13    0.000000000000E+00
  0.000000000000E+00    1.818989403546E-12    0.000000000000E+00
  0.000000000000E+00    2.728484105319E-12    0.000000000000E+00
  0.000000000000E+00   -6.621121428907E-10    0.000000000000E+00
  0.000000000000E+00   -1.818989403546E-10    0.000000000000E+00
  0.000000000000E+00   -8.185452315956E-12    0.000000000000E+00
  0.000000000000E+00    5.002220859751E-12    0.000000000000E+00
  0.000000000000E+00   -4.774847184308E-12    0.000000000000E+00
  0.000000000000E+00   -9.094947017729E-13    0.000000000000E+00
  0.000000000000E+00   -1.527951098979E-10    0.000000000000E+00
  0.000000000000E+00   -5.893525667489E-10    0.000000000000E+00
  0.000000000000E+00   -2.410160959698E-11    0.000000000000E+00
  0.000000000000E+00   -2.501110429876E-11    0.000000000000E+00
  0.000000000000E+00   -1.364242052659E-12    0.000000000000E+00
  0.000000000000E+00   -8.412825991400E-12    0.000000000000E+00
  0.000000000000E+00    1.058651832864E-09    0.000000000000E+00
  0.000000000000E+00    8.731149137020E-10    0.000000000000E+00
  0.000000000000E+00    5.684341886081E-13    0.000000000000E+00
  0.000000000000E+00    1.227817847393E-11    0.000000000000E+00
  0.000000000000E+00   -8.071765478235E-12    0.000000000000E+00
  0.000000000000E+00    4.774847184308E-12    0.000000000000E+00
  0.000000000000E+00   -6.475602276623E-10    0.000000000000E+00
  0.000000000000E+00   -8.949427865446E-10    0.000000000000E+00
  0.000000000000E+00   -3.410605131648E-12    0.000000000000E+00
  0.000000000000E+00    8.185452315956E-12    0.000000000000E+00
  0.000000000000E+00    5.684341886081E-13    0.000000000000E+00
  0.000000000000E+00   -4.433786671143E-12    0.000000000000E+00
  0.000000000000E+00    3.692548489198E-10    0.000000000000E+00
  0.000000000000E+00    6.075424607843E-10    0.000000000000E+00
  0.000000000000E+00   -3.410605131648E-12    0.000000000000E+00
  0.000000000000E+00    6.821210263297E-12    0.000000000000E+00
  0.000000000000E+00    1.506350599811E-11    0.000000000000E+00
  0.000000000000E+00    1.409716787748E-11    0.000000000000E+00
  0.000000000000E+00   -6.675691111013E-10    0.000000000000E+00
  0.000000000000E+00   -3.892637323588E-10    0.000000000000E+00
  0.000000000000E+00   -2.364686224610E-11    0.000000000000E+00
  0.000000000000E+00   -2.273736754432E-13    0.000000000000E+00
  0.000000000000E+00   -8.526512829121E-12    0.000000000000E+00
  0.000000000000E+00   -1.523403625470E-11    0.000000000000E+00
  0.000000000000E+00    5.293259164318E-10    0.000000000000E+00
  0.000000000000E+00    1.346052158624E-10    0.000000000000E+00
  0.000000000000E+00    1.136868377216E-13    0.000000000000E+00
  0.000000000000E+00   -1.648459146963E-11    0.000000000000E+00
  0.000000000000E+00    1.705302565824E-13    0.000000000000E+00
  0.000000000000E+00    6.252776074689E-12    0.000000000000E+00
  0.000000000000E+00    1.946318661794E-10    0.000000000000E+00
  0.000000000000E+00   -3.674358595163E-10    0.000000000000E+00
  0.000000000000E+00    1.142552719102E-11    0.000000000000E+00
  0.000000000000E+00    1.568878360558E-11    0.000000000000E+00
  0.000000000000E+00   -8.071765478235E-12    0.000000000000E+00
  0.000000000000E+00    1.512034941697E-11    0.000000000000E+00
  0.000000000000E+00   -1.755324774422E-10    0.000000000000E+00
  0.000000000000E+00    9.767973097041E-10    0.000000000000E+00
  0.000000000000E+00   -1.705302565824E-11    0.000000000000E+00
  0.000000000000E+00   -4.433786671143E-12    0.000000000000E+00
  0.000000000000E+00   -2.364686224610E-11    0.000000000000E+00
  0.000000000000E+00   -8.867573342286E-12    0.000000000000E+00
  0.000000000000E+00   -6.511982064694E-10    0.000000000000E+00
  0.000000000000E+00   -7.858034223318E-10    0.000000000000E+00
  0.000000000000E+00   -2.040678737103E-11    0.000000000000E+00
  0.000000000000E+00   -6.423306331271E-12    0.000000000000E+00
