              1                1   -3.073018109071E+05
              5                1   -3.073018109071E+05
              9                1   -3.073018109071E+05
             13                1   -3.073018109071E+05
             17                1   -3.073018109071E+05
             21                1   -3.073018109071E+05
             25                1   -3.073018109071E+05
             29                1   -3.073018109071E+05
             33                1   -3.073018109071E+05
             37                1   -3.073018109071E+05
             41                1   -3.073018109071E+05
             45                1   -3.073018109071E+05
             49                1   -3.073018109071E+05
             53                1   -3.073018109071E+05
             57                1   -3.073018109071E+05
             61                1   -3.073018109071E+05
             65                1   -3.073018109071E+05
             69                1   -3.073018109071E+05
             73                1   -3.073018109071E+05
             77                1   -3.073018109071E+05
             81                1   -3.073018109071E+05
             85                1   -3.073018109071E+05
             89                1   -3.073018109071E+05
             93                1   -3.073018109071E+05
             97                1   -3.073018109071E+05
            101                1   -3.073018109071E+05
            105                1   -3.073018109071E+05
            109                1   -3.073018109071E+05
            113                1   -3.073018109071E+05
            117                1   -3.073018109071E+05
            121                1   -3.073018109071E+05
            125                1   -3.073018109071E+05
            129                1   -3.073018109071E+05
            133                1   -3.073018109071E+05
            137                1   -3.073018109071E+05
            141                1   -3.073018109071E+05
            145                1   -3.073018109071E+05
            149                1   -3.073018109071E+05
            153                1   -3.073018109071E+05
            157                1   -3.073018109071E+05
            161                1   -3.073018109071E+05
            165                1   -3.073018109071E+05
            169                1   -3.073018109071E+05
            173                1   -3.073018109071E+05
            177                1   -3.073018109071E+05
            181                1   -3.073018109071E+05
            185                1   -3.073018109071E+05
            189                1   -3.073018109071E+05
            193                1   -3.073018109071E+05
            197                1   -3.073018109071E+05
            201                1   -3.073018109071E+05
            205                1   -3.073018109071E+05
            209                1   -3.073018109071E+05
            213                1   -3.073018109071E+05
            217                1   -3.073018109071E+05
            221                1   -3.073018109071E+05
            225                1   -3.073018109071E+05
            229                1   -3.073018109071E+05
            233                1   -3.073018109071E+05
            237                1   -3.073018109071E+05
            241                1   -3.073018109071E+05
            245                1   -3.073018109071E+05
            249                1   -3.073018109071E+05
            253                1   -3.073018109071E+05
            257                1   -3.073018109071E+05
            261                1   -3.073018109071E+05
            265                1   -3.073018109071E+05
            269                1   -3.073018109071E+05
            273                1   -3.073018109071E+05
            277                1   -3.073018109071E+05
            281                1   -3.073018109071E+05
            285                1   -3.073018109071E+05
            289                1   -3.073018109071E+05
            293                1   -3.073018109071E+05
            297                1   -3.073018109071E+05
            301                1   -3.073018109071E+05
            305                1   -3.073018109071E+05
            309                1   -3.073018109071E+05
            313                1   -3.073018109071E+05
            317                1   -3.073018109071E+05
            321                1   -3.073018109071E+05
            325                1   -3.073018109071E+05
            329                1   -3.073018109071E+05
            333                1   -3.073018109071E+05
            337                1   -3.073018109071E+05
            341                1   -3.073018109071E+05
            345                1   -3.073018109071E+05
            349                1   -3.073018109071E+05
            353                1   -3.073018109071E+05
            357                1   -3.073018109071E+05
            361                1   -3.073018109071E+05
            365                1   -3.073018109071E+05
            369                1   -3.073018109071E+05
            373                1   -3.073018109071E+05
            377                1   -3.073018109071E+05
            381                1   -3.073018109071E+05
            385                1   -3.073018109071E+05
            389                1   -3.073018109071E+05
            393                1   -3.073018109071E+05
            397                1   -3.073018109071E+05
            401                1   -3.073018109071E+05
            405                1   -3.073018109071E+05
            409                1   -3.073018109071E+05
            413                1   -3.073018109071E+05
            417                1   -3.073018109071E+05
            421                1   -3.073018109071E+05
            425                1   -3.073018109071E+05
            429                1   -3.073018109071E+05
            433                1   -3.073018109071E+05
            437                1   -3.073018109071E+05
            441                1   -3.073018109071E+05
            445                1   -3.073018109071E+05
            449                1   -3.073018109071E+05
            453                1   -3.073018109071E+05
            457                1   -3.073018109071E+05
            461                1   -3.073018109071E+05
            465                1   -3.073018109071E+05
            469                1   -3.073018109071E+05
            473                1   -3.073018109071E+05
            477                1   -3.073018109071E+05
              1                2    4.538703847265E+05
              5                2    4.502735863239E+05
              9                2    4.467661193129E+05
             13                2    4.433434210267E+05
             17                2    4.400054629205E+05
             21                2    4.367479290250E+05
             25                2    4.335708250331E+05
             29                2    4.304698895862E+05
             33                2    4.274451695460E+05
             37                2    4.244923223560E+05
             41                2    4.216114596252E+05
             45                2    4.187979622750E+05
             49                2    4.160520470452E+05
             53                2    4.133685042331E+05
             57                2    4.107477219116E+05
             61                2    4.081833880894E+05
             65                2    4.056761697323E+05
             69                2    4.032178186065E+05
             73                2    4.008094541079E+05
             77                2    3.984395364019E+05
             81                2    3.961099149084E+05
             85                2    3.938035671288E+05
             89                2    3.915235112597E+05
             93                2    3.892437289800E+05
             97                2    3.869690882086E+05
            101                2    3.846590115729E+05
            105                2    3.823212426492E+05
            109                2    3.798920063862E+05
            113                2    3.773833898036E+05
            117                2    3.746954327813E+05
            121                2    3.718464671870E+05
            125                2    3.686818998194E+05
            129                2    3.652282611993E+05
            133                2    3.612528498513E+05
            137                2    3.567910601698E+05
            141                2    3.515091393458E+05
            145                2    3.454474929351E+05
            149                2    3.381669572458E+05
            153                2    3.296991284627E+05
            157                2    3.195542943242E+05
            161                2    3.077278610135E+05
            165                2    2.938551745169E+05
            169                2    2.778673360656E+05
            173                2    2.598462277984E+05
            177                2    2.396735846114E+05
            181                2    2.181876493836E+05
            185                2    1.953106408418E+05
            189                2    1.725415114866E+05
            193                2    1.499254803899E+05
            197                2    1.289348221837E+05
            201                2    1.096893369089E+05
            205                2    9.290843455421E+04
            209                2    7.867157511829E+04
            213                2    6.685553149004E+04
            217                2    5.746208917587E+04
            221                2    4.994322537232E+04
            225                2    4.425917306456E+04
            229                2    3.983627725302E+04
            233                2    3.663117009646E+04
            237                2    3.421165316566E+04
            241                2    3.254558891274E+04
            245                2    3.135200038170E+04
            249                2    3.061051472186E+04
            253                2    3.015041067520E+04
            257                2    2.995959543495E+04
            261                2    2.993681964308E+04
            265                2    3.007503558325E+04
            269                2    3.031414811685E+04
            273                2    3.065000963989E+04
            277                2    3.104639498694E+04
            281                2    3.150079473679E+04
            285                2    3.199083558305E+04
            289                2    3.251493760713E+04
            293                2    3.305886839416E+04
            297                2    3.362158474227E+04
            301                2    3.419373657501E+04
            305                2    3.477459889040E+04
            309                2    3.535782648319E+04
            313                2    3.594288943350E+04
            317                2    3.652535027107E+04
            321                2    3.710480355144E+04
            325                2    3.767806780777E+04
            329                2    3.824482072038E+04
            333                2    3.880274265479E+04
            337                2    3.935156961640E+04
            341                2    3.988960058657E+04
            345                2    4.041661461711E+04
            349                2    4.093137565923E+04
            353                2    4.143369610446E+04
            357                2    4.192270491123E+04
            361                2    4.239824142128E+04
            365                2    4.285973203121E+04
            369                2    4.330703865182E+04
            373                2    4.373983715059E+04
            377                2    4.415800886205E+04
            381                2    4.456144300113E+04
            385                2    4.495003795310E+04
            389                2    4.532386727774E+04
            393                2    4.568284452814E+04
            397                2    4.602720286583E+04
            401                2    4.635686944435E+04
            405                2    4.667221484271E+04
            409                2    4.697317845430E+04
            413                2    4.726024768231E+04
            417                2    4.753337293797E+04
            421                2    4.779313894472E+04
            425                2    4.803950600585E+04
            429                2    4.827313754418E+04
            433                2    4.849400269983E+04
            437                2    4.870282583368E+04
            441                2    4.889958392353E+04
            445                2    4.908504544948E+04
            449                2    4.925919427678E+04
            453                2    4.942282726522E+04
            457                2    4.957593426397E+04
            461                2    4.971932600559E+04
            465                2    4.985299746742E+04
            469                2    4.997776012460E+04
            473                2    5.009361327749E+04
            477                2    5.020135750806E+04
              1                3    3.467398375722E+01
              2                3   -3.467398375722E+01
              3                3    3.467398375722E+01
              5                3    3.055170259734E+01
              6                3   -3.055170259734E+01
              7                3    3.055170259734E+01
              9                3    3.576086145415E+01
             10                3   -3.576086145415E+01
             11                3    3.576086145415E+01
             13                3    4.577201016184E+01
             14                3   -4.577201016184E+01
             15                3    4.577201016184E+01
             17                3    5.964462010594E+01
             18                3   -5.964462010594E+01
             19                3    5.964462010594E+01
             21                3    7.939629947236E+01
             22                3   -7.939629947236E+01
             23                3    7.939629947236E+01
             25                3    1.041528931692E+02
             26                3   -1.041528931692E+02
             27                3    1.041528931692E+02
             29                3    1.386341210685E+02
             30                3   -1.386341210685E+02
             31                3    1.386341210685E+02
             33                3    1.814831063978E+02
             34                3   -1.814831063978E+02
             35                3    1.814831063978E+02
             37                3    2.408155940223E+02
             38                3   -2.408155940223E+02
             39                3    2.408155940223E+02
             41                3    3.144030411726E+02
             42                3   -3.144030411726E+02
             43                3    3.144030411726E+02
             45                3    4.158510027844E+02
             46                3   -4.158510027844E+02
             47                3    4.158510027844E+02
             49                3    5.414965184682E+02
             50                3   -5.414965184682E+02
             51                3    5.414965184682E+02
             53                3    7.140006427726E+02
             54                3   -7.140006427726E+02
             55                3    7.140006427726E+02
             57                3    9.273658480191E+02
             58                3   -9.273658480191E+02
             59                3    9.273658480191E+02
             61                3    1.219150831714E+03
             62                3   -1.219150831714E+03
             63                3    1.219150831714E+03
             65                3    1.579575474591E+03
             66                3   -1.579575474591E+03
             67                3    1.579575474591E+03
             69                3    2.070590510254E+03
             70                3   -2.070590510254E+03
             71                3    2.070590510254E+03
             73                3    2.676310562867E+03
             74                3   -2.676310562867E+03
             75                3    2.676310562867E+03
             77                3    3.498406533892E+03
             78                3   -3.498406533892E+03
             79                3    3.498406533892E+03
             81                3    4.511175839466E+03
             82                3   -4.511175839466E+03
             83                3    4.511175839466E+03
             85                3    5.880551829596E+03
             86                3   -5.880551829596E+03
             87                3    5.880551829596E+03
             89                3    7.565105636109E+03
             90                3   -7.565105636109E+03
             91                3    7.565105636109E+03
             93                3    9.833873532384E+03
             94                3   -9.833873532384E+03
             95                3    9.833873532384E+03
             97                3    1.262033322719E+04
             98                3   -1.262033322719E+04
             99                3    1.262033322719E+04
            101                3    1.635701523263E+04
            102                3   -1.635701523263E+04
            103                3    1.635701523263E+04
            105                3    2.093752241740E+04
            106                3   -2.093752241740E+04
            107                3    2.093752241740E+04
            109                3    2.704912399183E+04
            110                3   -2.704912399183E+04
            111                3    2.704912399183E+04
            113                3    3.452232977521E+04
            114                3   -3.452232977521E+04
            115                3    3.452232977521E+04
            117                3    4.443031768564E+04
            118                3   -4.443031768564E+04
            119                3    4.443031768564E+04
            121                3    5.650415406601E+04
            122                3   -5.650415406601E+04
            123                3    5.650415406601E+04
            125                3    7.237447009838E+04
            126                3   -7.237447009838E+04
            127                3    7.237447009838E+04
            129                3    9.161586806383E+04
            130                3   -9.161586806383E+04
            131                3    9.161586806383E+04
            133                3    1.165972233024E+05
            134                3   -1.165972233024E+05
            135                3    1.165972233024E+05
            137                3    1.466457968917E+05
            138                3   -1.466457968917E+05
            139                3    1.466457968917E+05
            141                3    1.849452133385E+05
            142                3   -1.849452133385E+05
            143                3    1.849452133385E+05
            145                3    2.304244382049E+05
            146                3   -2.304244382049E+05
            147                3    2.304244382049E+05
            149                3    2.867759935564E+05
            150                3   -2.867759935564E+05
            151                3    2.867759935564E+05
            153                3    3.522644192784E+05
            154                3   -3.522644192784E+05
            155                3    3.522644192784E+05
            157                3    4.299234765858E+05
            158                3   -4.299234765858E+05
            159                3    4.299234765858E+05
            161                3    5.168818118913E+05
            162                3   -5.168818118913E+05
            163                3    5.168818118913E+05
            165                3    6.131341961100E+05
            166                3   -6.131341961100E+05
            167                3    6.131341961100E+05
            169                3    7.140141665866E+05
            170                3   -7.140141665866E+05
            171                3    7.140141665866E+05
            173                3    8.138922776757E+05
            174                3   -8.138922776757E+05
            175                3    8.138922776757E+05
            177                3    9.061904142330E+05
            178                3   -9.061904142330E+05
            179                3    9.061904142330E+05
            181                3    9.805479110465E+05
            182                3   -9.805479110465E+05
            183                3    9.805479110465E+05
            185                3    1.030820537802E+06
            186                3   -1.030820537802E+06
            187                3    1.030820537802E+06
            189                3    1.049246580560E+06
            190                3   -1.049246580560E+06
            191                3    1.049246580560E+06
            193                3    1.035152821740E+06
            194                3   -1.035152821740E+06
            195                3    1.035152821740E+06
            197                3    9.907079178524E+05
            198                3   -9.907079178524E+05
            199                3    9.907079178524E+05
            201                3    9.228020407905E+05
            202                3   -9.228020407905E+05
            203                3    9.228020407905E+05
            205                3    8.403617923296E+05
            206                3   -8.403617923296E+05
            207                3    8.403617923296E+05
            209                3    7.530595424737E+05
            210                3   -7.530595424737E+05
            211                3    7.530595424737E+05
            213                3    6.674164467122E+05
            214                3   -6.674164467122E+05
            215                3    6.674164467122E+05
            217                3    5.902742963330E+05
            218                3   -5.902742963330E+05
            219                3    5.902742963330E+05
            221                3    5.223248788298E+05
            222                3   -5.223248788298E+05
            223                3    5.223248788298E+05
            225                3    4.664894392166E+05
            226                3   -4.664894392166E+05
            227                3    4.664894392166E+05
            229                3    4.201396879027E+05
            230                3   -4.201396879027E+05
            231                3    4.201396879027E+05
            233                3    3.838909488593E+05
            234                3   -3.838909488593E+05
            235                3    3.838909488593E+05
            237                3    3.546835460250E+05
            238                3   -3.546835460250E+05
            239                3    3.546835460250E+05
            241                3    3.323193167149E+05
            242                3   -3.323193167149E+05
            243                3    3.323193167149E+05
            245                3    3.144915996630E+05
            246                3   -3.144915996630E+05
            247                3    3.144915996630E+05
            249                3    3.008785760108E+05
            250                3   -3.008785760108E+05
            251                3    3.008785760108E+05
            253                3    2.900105939742E+05
            254                3   -2.900105939742E+05
            255                3    2.900105939742E+05
            257                3    2.816416747914E+05
            258                3   -2.816416747914E+05
            259                3    2.816416747914E+05
            261                3    2.748993840426E+05
            262                3   -2.748993840426E+05
            263                3    2.748993840426E+05
            265                3    2.696313795471E+05
            266                3   -2.696313795471E+05
            267                3    2.696313795471E+05
            269                3    2.653302912403E+05
            270                3   -2.653302912403E+05
            271                3    2.653302912403E+05
            273                3    2.619121111274E+05
            274                3   -2.619121111274E+05
            275                3    2.619121111274E+05
            277                3    2.590791092556E+05
            278                3   -2.590791092556E+05
            279                3    2.590791092556E+05
            281                3    2.567899936439E+05
            282                3   -2.567899936439E+05
            283                3    2.567899936439E+05
            285                3    2.548650850263E+05
            286                3   -2.548650850263E+05
            287                3    2.548650850263E+05
            289                3    2.532880136423E+05
            290                3   -2.532880136423E+05
            291                3    2.532880136423E+05
            293                3    2.519458006536E+05
            294                3   -2.519458006536E+05
            295                3    2.519458006536E+05
            297                3    2.508360106163E+05
            298                3   -2.508360106163E+05
            299                3    2.508360106163E+05
            301                3    2.498839974948E+05
            302                3   -2.498839974948E+05
            303                3    2.498839974948E+05
            305                3    2.490947806303E+05
            306                3   -2.490947806303E+05
            307                3    2.490947806303E+05
            309                3    2.484163298073E+05
            310                3   -2.484163298073E+05
            311                3    2.484163298073E+05
            313                3    2.478573681493E+05
            314                3   -2.478573681493E+05
            315                3    2.478573681493E+05
            317                3    2.473796652478E+05
            318                3   -2.473796652478E+05
            319                3    2.473796652478E+05
            321                3    2.469934949836E+05
            322                3   -2.469934949836E+05
            323                3    2.469934949836E+05
            325                3    2.466693934084E+05
            326                3   -2.466693934084E+05
            327                3    2.466693934084E+05
            329                3    2.464179603321E+05
            330                3   -2.464179603321E+05
            331                3    2.464179603321E+05
            333                3    2.462155629826E+05
            334                3   -2.462155629826E+05
            335                3    2.462155629826E+05
            337                3    2.460724432493E+05
            338                3   -2.460724432493E+05
            339                3    2.460724432493E+05
            341                3    2.459690459393E+05
            342                3   -2.459690459393E+05
            343                3    2.459690459393E+05
            345                3    2.459148891525E+05
            346                3   -2.459148891525E+05
            347                3    2.459148891525E+05
            349                3    2.458934187202E+05
            350                3   -2.458934187202E+05
            351                3    2.458934187202E+05
            353                3    2.459132517672E+05
            354                3   -2.459132517672E+05
            355                3    2.459132517672E+05
            357                3    2.459601535504E+05
            358                3   -2.459601535504E+05
            359                3    2.459601535504E+05
            361                3    2.460417757861E+05
            362                3   -2.460417757861E+05
            363                3    2.460417757861E+05
            365                3    2.461457562594E+05
            366                3   -2.461457562594E+05
            367                3    2.461457562594E+05
            369                3    2.462787842738E+05
            370                3   -2.462787842738E+05
            371                3    2.462787842738E+05
            373                3    2.464300653500E+05
            374                3   -2.464300653500E+05
            375                3    2.464300653500E+05
            377                3    2.466053692454E+05
            378                3   -2.466053692454E+05
            379                3    2.466053692454E+05
            381                3    2.467952520851E+05
            382                3   -2.467952520851E+05
            383                3    2.467952520851E+05
            385                3    2.470046297278E+05
            386                3   -2.470046297278E+05
            387                3    2.470046297278E+05
            389                3    2.472252468405E+05
            390                3   -2.472252468405E+05
            391                3    2.472252468405E+05
            393                3    2.474612429990E+05
            394                3   -2.474612429990E+05
            395                3    2.474612429990E+05
            397                3    2.477054245441E+05
            398                3   -2.477054245441E+05
            399                3    2.477054245441E+05
            401                3    2.479612373816E+05
            402                3   -2.479612373816E+05
            403                3    2.479612373816E+05
            405                3    2.482224455110E+05
            406                3   -2.482224455110E+05
            407                3    2.482224455110E+05
            409                3    2.484918842171E+05
            410                3   -2.484918842171E+05
            411                3    2.484918842171E+05
            413                3    2.487641861987E+05
            414                3   -2.487641861987E+05
            415                3    2.487641861987E+05
            417                3    2.490416565967E+05
            418                3   -2.490416565967E+05
            419                3    2.490416565967E+05
            421                3    2.493197179197E+05
            422                3   -2.493197179197E+05
            423                3    2.493197179197E+05
            425                3    2.496002210981E+05
            426                3   -2.496002210981E+05
            427                3    2.496002210981E+05
            429                3    2.498793064245E+05
            430                3   -2.498793064245E+05
            431                3    2.498793064245E+05
            433                3    2.501584407567E+05
            434                3   -2.501584407567E+05
            435                3    2.501584407567E+05
            437                3    2.504344149697E+05
            438                3   -2.504344149697E+05
            439                3    2.504344149697E+05
            441                3    2.507083754530E+05
            442                3   -2.507083754530E+05
            443                3    2.507083754530E+05
            445                3    2.509777000330E+05
            446                3   -2.509777000330E+05
            447                3    2.509777000330E+05
            449                3    2.512432713520E+05
            450                3   -2.512432713520E+05
            451                3    2.512432713520E+05
            453                3    2.515029934167E+05
            454                3   -2.515029934167E+05
            455                3    2.515029934167E+05
            457                3    2.517575349016E+05
            458                3   -2.517575349016E+05
            459                3    2.517575349016E+05
            461                3    2.520052677538E+05
            462                3   -2.520052677538E+05
            463                3    2.520052677538E+05
            465                3    2.522466896869E+05
            466                3   -2.522466896869E+05
            467                3    2.522466896869E+05
            469                3    2.524805848142E+05
            470                3   -2.524805848142E+05
            471                3    2.524805848142E+05
            473                3    2.527073164613E+05
            474                3   -2.527073164613E+05
            475                3    2.527073164613E+05
            477                3    2.529260277124E+05
            478                3   -2.529260277124E+05
            479                3    2.529260277124E+05
              2                4    2.215074616249E+00
              6                4    4.057363602112E+00
             10                4    5.690353884493E+00
             14                4    7.816177010791E+00
             18                4    1.038938018025E+01
             22                4    1.397308194003E+01
             26                4    1.844712804470E+01
             30                4    2.468630247364E+01
             34                4    3.248304889463E+01
             38                4    4.331130947558E+01
             42                4    5.682367854621E+01
             46                4    7.550872948241E+01
             50                4    9.878901188242E+01
             54                4    1.308471672531E+02
             58                4    1.707280839577E+02
             62                4    2.254268868165E+02
             66                4    2.933713904477E+02
             70                4    3.862023957292E+02
             74                4    5.013449962885E+02
             78                4    6.580730888372E+02
             82                4    8.521931539866E+02
             86                4    1.115445919956E+03
             90                4    1.441047596507E+03
             94                4    1.880953167263E+03
             98                4    2.424284140518E+03
            102                4    3.155459290373E+03
            106                4    4.057246685713E+03
            110                4    5.265493735768E+03
            114                4    6.753402295579E+03
            118                4    8.736609636067E+03
            122                4    1.117463711068E+04
            126                4    1.440279919892E+04
            130                4    1.836283947629E+04
            134                4    2.355942768095E+04
            138                4    2.991555909589E+04
            142                4    3.815070725976E+04
            146                4    4.817861101710E+04
            150                4    6.093143543083E+04
            154                4    7.634562840167E+04
            158                4    9.542128394614E+04
            162                4    1.181786143347E+05
            166                4    1.452591831432E+05
            170                4    1.768243423737E+05
            174                4    2.124079104994E+05
            178                4    2.522635776900E+05
            182                4    2.941487642512E+05
            186                4    3.381915104750E+05
            190                4    3.807273918032E+05
            194                4    4.215843008054E+05
            198                4    4.574234561553E+05
            202                4    4.879250854944E+05
            206                4    5.117830750253E+05
            210                4    5.288181094274E+05
            214                4    5.398132538765E+05
            218                4    5.448005600992E+05
            222                4    5.454974708490E+05
            226                4    5.420371914268E+05
            230                4    5.360540019170E+05
            234                4    5.276799355240E+05
            238                4    5.180803787635E+05
            242                4    5.073497158126E+05
            246                4    4.962015790949E+05
            250                4    4.846942938106E+05
            254                4    4.732246145994E+05
            258                4    4.618261390841E+05
            262                4    4.507015567878E+05
            266                4    4.398695842709E+05
            270                4    4.294217814098E+05
            274                4    4.193683993723E+05
            278                4    4.097397455758E+05
            282                4    4.005413594941E+05
            286                4    3.917708250239E+05
            290                4    3.834310738959E+05
            294                4    3.755029426546E+05
            298                4    3.679879187425E+05
            302                4    3.608589542851E+05
            306                4    3.541167360386E+05
            310                4    3.477312099901E+05
            314                4    3.417026204110E+05
            318                4    3.360005535745E+05
            322                4    3.306250120483E+05
            326                4    3.255466140458E+05
            330                4    3.207652335427E+05
            334                4    3.162532049873E+05
            338                4    3.120103375155E+05
            342                4    3.080109682863E+05
            346                4    3.042548772840E+05
            350                4    3.007184698426E+05
            354                4    2.974015164172E+05
            358                4    2.942824368257E+05
            362                4    2.913610024002E+05
            366                4    2.886175335554E+05
            370                4    2.860518076499E+05
            374                4    2.836459056831E+05
            378                4    2.813996132415E+05
            382                4    2.792966252270E+05
            386                4    2.773367360630E+05
            390                4    2.755051119729E+05
            394                4    2.738015560288E+05
            398                4    2.722125728771E+05
            402                4    2.707379737153E+05
            406                4    2.693654808638E+05
            410                4    2.680949130510E+05
            414                4    2.669151022840E+05
            418                4    2.658258742971E+05
            422                4    2.648170750924E+05
            426                4    2.638885370212E+05
            430                4    2.630310356198E+05
            434                4    2.622444096261E+05
            438                4    2.615202895263E+05
            442                4    2.608585203658E+05
            446                4    2.602515214248E+05
            450                4    2.596991441072E+05
            454                4    2.591945373410E+05
            458                4    2.587375590383E+05
            462                4    2.583220343326E+05
            466                4    2.579478278594E+05
            470                4    2.576093920682E+05
            474                4    2.573065985646E+05
            478                4    2.570344818110E+05
              3                5    7.771753891652E+02
              7                5    6.902494830436E+02
             11                5    8.142820943023E+02
             15                5    1.050284270080E+03
             19                5    1.378987571188E+03
             23                5    1.849339093979E+03
             27                5    2.443759320416E+03
             31                5    3.276230869970E+03
             35                5    4.319196220399E+03
             39                5    5.771143991300E+03
             43                5    7.586150864334E+03
             47                5    1.010137134457E+04
             51                5    1.324021840780E+04
             55                5    1.757148082933E+04
             59                5    2.296799465234E+04
             63                5    3.038430149152E+04
             67                5    3.961029059702E+04
             71                5    5.223981702797E+04
             75                5    6.792750997397E+04
             79                5    8.932129131018E+04
             83                5    1.158567085160E+05
             87                5    1.519097258647E+05
             91                5    1.965641413137E+05
             95                5    2.570100688519E+05
             99                5    3.317734979453E+05
            103                5    4.325888193140E+05
            107                5    5.571139124249E+05
            111                5    7.243362044035E+05
            115                5    9.306030237758E+05
            119                5    1.206280098404E+06
            123                5    1.545837581241E+06
            127                5    1.997012226939E+06
            131                5    2.551840165645E+06
            135                5    3.283402086866E+06
            139                5    4.181217885812E+06
            143                5    5.352462311472E+06
            147                5    6.785684070664E+06
            151                5    8.626979517221E+06
            155                5    1.086921360462E+07
            159                5    1.368653922782E+07
            163                5    1.708722648821E+07
            167                5    2.122605765606E+07
            171                5    2.614065556458E+07
            175                5    3.186380642067E+07
            179                5    3.846329060509E+07
            183                5    4.571785006035E+07
            187                5    5.369134721950E+07
            191                5    6.186301866539E+07
            195                5    7.023865147753E+07
            199                5    7.816683938214E+07
            203                5    8.558374348090E+07
            207                5    9.201492993323E+07
            211                5    9.737749858953E+07
            215                5    1.015562608497E+08
            219                5    1.045007973147E+08
            223                5    1.063925626723E+08
            227                5    1.072224347139E+08
            231                5    1.072907066816E+08
            235                5    1.066115420137E+08
            239                5    1.054664006947E+08
            243                5    1.038748944218E+08
            247                5    1.020448137751E+08
            251                5    9.999258048274E+07
            255                5    9.785156465601E+07
            259                5    9.563307433823E+07
            263                5    9.341470560778E+07
            267                5    9.120348373408E+07
            271                5    8.904070892506E+07
            275                5    8.693048635209E+07
            279                5    8.489231177726E+07
            283                5    8.292848461205E+07
            287                5    8.104605943183E+07
            291                5    7.924627493070E+07
            295                5    7.752937521754E+07
            299                5    7.589599321161E+07
            303                5    7.434281932570E+07
            307                5    7.287014640287E+07
            311                5    7.147295276850E+07
            315                5    7.015134314222E+07
            319                5    6.889960811187E+07
            323                5    6.771775043731E+07
            327                5    6.659993205678E+07
            331                5    6.554610248707E+07
            335                5    6.455059070430E+07
            339                5    6.361332046068E+07
            343                5    6.272893475023E+07
            347                5    6.189734695812E+07
            351                5    6.111357753771E+07
            355                5    6.037753799402E+07
            359                5    5.968464334136E+07
            363                5    5.903480771834E+07
            367                5    5.842383281359E+07
            371                5    5.785163762492E+07
            375                5    5.731438993965E+07
            379                5    5.681201452958E+07
            383                5    5.634101908859E+07
            387                5    5.590133433927E+07
            391                5    5.548978009383E+07
            395                5    5.510629280331E+07
            399                5    5.474797723396E+07
            403                5    5.441477514514E+07
            407                5    5.410405086682E+07
            411                5    5.381575096811E+07
            415                5    5.354747623888E+07
            419                5    5.329917755095E+07
            423                5    5.306867147201E+07
            427                5    5.285591270046E+07
            431                5    5.265891523813E+07
            435                5    5.247763718543E+07
            439                5    5.231027376997E+07
            443                5    5.215678612968E+07
            447                5    5.201553638405E+07
            451                5    5.188648840524E+07
            455                5    5.176815846579E+07
            459                5    5.166051292647E+07
            463                5    5.156221079652E+07
            467                5    5.147322073088E+07
            471                5    5.139233413119E+07
            475                5    5.131952179537E+07
            479                5    5.125369802617E+07
              3                6   -4.430149276729E+02
              7                6   -8.114727285242E+02
             11                6   -1.138070788261E+03
             15                6   -1.563235417766E+03
             19                6   -2.077876056795E+03
             23                6   -2.794616415908E+03
             27                6   -3.689425645775E+03
             31                6   -4.937260544021E+03
             35                6   -6.496609843788E+03
             39                6   -8.662261981600E+03
             43                6   -1.136473582271E+04
             47                6   -1.510174604726E+04
             51                6   -1.975780257375E+04
             55                6   -2.616943371190E+04
             59                6   -3.414561713245E+04
             63                6   -4.508537781344E+04
             67                6   -5.867427867534E+04
             71                6   -7.724047991702E+04
             75                6   -1.002690002588E+05
             79                6   -1.316146190815E+05
             83                6   -1.704386324990E+05
             87                6   -2.230891862185E+05
             91                6   -2.882095221790E+05
             95                6   -3.761906372085E+05
             99                6   -4.848568329445E+05
            103                6   -6.310918643754E+05
            107                6   -8.114493452442E+05
            111                6   -1.053098757668E+06
            115                6   -1.350680472601E+06
            119                6   -1.747321944659E+06
            123                6   -2.234927444450E+06
            127                6   -2.880559868543E+06
            131                6   -3.672567931926E+06
            135                6   -4.711885583233E+06
            139                6   -5.983111878914E+06
            143                6   -7.630141528132E+06
            147                6   -9.635722299623E+06
            151                6   -1.218628720784E+07
            155                6   -1.526912583278E+07
            159                6   -1.908425697977E+07
            163                6   -2.363572310292E+07
            167                6   -2.905183691869E+07
            171                6   -3.536486882783E+07
            175                6   -4.248158252401E+07
            179                6   -5.045271604172E+07
            183                6   -5.882975343761E+07
            187                6   -6.763830277029E+07
            191                6   -7.614547912089E+07
            195                6   -8.431686100290E+07
            199                6   -9.148469214444E+07
            203                6   -9.758501807318E+07
            207                6   -1.023566160270E+08
            211                6   -1.057636229414E+08
            215                6   -1.079626518532E+08
            219                6   -1.089601131077E+08
            223                6   -1.090994952590E+08
            227                6   -1.084074393677E+08
            231                6   -1.072108014538E+08
            235                6   -1.055359881585E+08
            239                6   -1.036160767872E+08
            243                6   -1.014699441756E+08
            247                6   -9.924031680980E+07
            251                6   -9.693885972997E+07
            255                6   -9.464492386482E+07
            259                6   -9.236522873900E+07
            263                6   -9.014031225752E+07
            267                6   -8.797391773251E+07
            271                6   -8.588435713944E+07
            275                6   -8.387368071185E+07
            279                6   -8.194794993332E+07
            283                6   -8.010827269862E+07
            287                6   -7.835416578707E+07
            291                6   -7.668621554482E+07
            295                6   -7.510058928073E+07
            299                6   -7.359758448331E+07
            303                6   -7.217179157758E+07
            307                6   -7.082334791482E+07
            311                6   -6.954624269237E+07
            315                6   -6.834052476451E+07
            319                6   -6.720011138583E+07
            323                6   -6.612500306985E+07
            327                6   -6.510932345922E+07
            331                6   -6.415304734905E+07
            335                6   -6.325064162895E+07
            339                6   -6.240206812613E+07
            343                6   -6.160219427230E+07
            347                6   -6.085097606434E+07
            351                6   -6.014369456901E+07
            355                6   -5.948030387729E+07
            359                6   -5.885648795276E+07
            363                6   -5.827220106184E+07
            367                6   -5.772350728740E+07
            371                6   -5.721036210118E+07
            375                6   -5.672918170300E+07
            379                6   -5.627992321021E+07
            383                6   -5.585932560309E+07
            387                6   -5.546734776639E+07
            391                6   -5.510102294472E+07
            395                6   -5.476031175249E+07
            399                6   -5.444251511897E+07
            403                6   -5.414759528367E+07
            407                6   -5.387309671063E+07
            411                6   -5.361898314553E+07
            415                6   -5.338302098978E+07
            419                6   -5.316517539023E+07
            423                6   -5.296341554727E+07
            427                6   -5.277770793118E+07
            431                6   -5.260620764919E+07
            435                6   -5.244888244887E+07
            439                6   -5.230405842746E+07
            443                6   -5.217170459404E+07
            447                6   -5.205030480464E+07
            451                6   -5.193982934001E+07
            455                6   -5.183890798576E+07
            459                6   -5.174751232432E+07
            463                6   -5.166440738234E+07
            467                6   -5.158956608695E+07
            471                6   -5.152187892803E+07
            475                6   -5.146132022671E+07
            479                6   -5.140689687545E+07
