  1.1992039e+000
  1.6654515e+000
  2.0641176e+000
  2.0506965e+000
  3.5689542e+000
  2.9556542e+000
  2.9483983e+000
  3.4844746e+000
  3.2686126e+000
  2.9784766e+000
  4.1658997e+000
  4.4102152e+000
  4.1613534e+000
  3.9443274e+000
  4.4357666e+000
  4.6003292e+000
  5.1473994e+000
  5.3406451e+000
  6.5555866e+000
  5.1618924e+000
  6.6331316e+000
  6.6031999e+000
  6.5911147e+000
  6.2830801e+000
  6.7888455e+000
  6.8138562e+000
  7.1601778e+000
  7.0613455e+000
  7.1913892e+000
  6.0723476e+000
  6.6691700e+000
  6.9696807e+000
  6.5140884e+000
  6.4801113e+000
  7.4434992e+000
  7.9848704e+000
  6.7135756e+000
  6.9795942e+000
  7.5962730e+000
  5.6244497e+000
  7.0354376e+000
  7.3075356e+000
  5.0758165e+000
  6.6219282e+000
  6.4773879e+000
  6.9132478e+000
  6.4381767e+000
  6.8512852e+000
  7.0906727e+000
  6.1973949e+000
  7.0198110e+000
  7.3374187e+000
  6.5684832e+000
  6.4182202e+000
  6.5011148e+000
  6.4566845e+000
  6.4176136e+000
  7.0940006e+000
  7.3724992e+000
  6.5554576e+000
  6.6908817e+000
